"day"	"interval"	"steps"
1	0	NA
1	5	NA
1	10	NA
1	15	NA
1	20	NA
1	25	NA
1	30	NA
1	35	NA
1	40	NA
1	45	NA
1	50	NA
1	55	NA
1	100	NA
1	105	NA
1	110	NA
1	115	NA
1	120	NA
1	125	NA
1	130	NA
1	135	NA
1	140	NA
1	145	NA
1	150	NA
1	155	NA
1	200	NA
1	205	NA
1	210	NA
1	215	NA
1	220	NA
1	225	NA
1	230	NA
1	235	NA
1	240	NA
1	245	NA
1	250	NA
1	255	NA
1	300	NA
1	305	NA
1	310	NA
1	315	NA
1	320	NA
1	325	NA
1	330	NA
1	335	NA
1	340	NA
1	345	NA
1	350	NA
1	355	NA
1	400	NA
1	405	NA
1	410	NA
1	415	NA
1	420	NA
1	425	NA
1	430	NA
1	435	NA
1	440	NA
1	445	NA
1	450	NA
1	455	NA
1	500	NA
1	505	NA
1	510	NA
1	515	NA
1	520	NA
1	525	NA
1	530	NA
1	535	NA
1	540	NA
1	545	NA
1	550	NA
1	555	NA
1	600	NA
1	605	NA
1	610	NA
1	615	NA
1	620	NA
1	625	NA
1	630	NA
1	635	NA
1	640	NA
1	645	NA
1	650	NA
1	655	NA
1	700	NA
1	705	NA
1	710	NA
1	715	NA
1	720	NA
1	725	NA
1	730	NA
1	735	NA
1	740	NA
1	745	NA
1	750	NA
1	755	NA
1	800	NA
1	805	NA
1	810	NA
1	815	NA
1	820	NA
1	825	NA
1	830	NA
1	835	NA
1	840	NA
1	845	NA
1	850	NA
1	855	NA
1	900	NA
1	905	NA
1	910	NA
1	915	NA
1	920	NA
1	925	NA
1	930	NA
1	935	NA
1	940	NA
1	945	NA
1	950	NA
1	955	NA
1	1000	NA
1	1005	NA
1	1010	NA
1	1015	NA
1	1020	NA
1	1025	NA
1	1030	NA
1	1035	NA
1	1040	NA
1	1045	NA
1	1050	NA
1	1055	NA
1	1100	NA
1	1105	NA
1	1110	NA
1	1115	NA
1	1120	NA
1	1125	NA
1	1130	NA
1	1135	NA
1	1140	NA
1	1145	NA
1	1150	NA
1	1155	NA
1	1200	NA
1	1205	NA
1	1210	NA
1	1215	NA
1	1220	NA
1	1225	NA
1	1230	NA
1	1235	NA
1	1240	NA
1	1245	NA
1	1250	NA
1	1255	NA
1	1300	NA
1	1305	NA
1	1310	NA
1	1315	NA
1	1320	NA
1	1325	NA
1	1330	NA
1	1335	NA
1	1340	NA
1	1345	NA
1	1350	NA
1	1355	NA
1	1400	NA
1	1405	NA
1	1410	NA
1	1415	NA
1	1420	NA
1	1425	NA
1	1430	NA
1	1435	NA
1	1440	NA
1	1445	NA
1	1450	NA
1	1455	NA
1	1500	NA
1	1505	NA
1	1510	NA
1	1515	NA
1	1520	NA
1	1525	NA
1	1530	NA
1	1535	NA
1	1540	NA
1	1545	NA
1	1550	NA
1	1555	NA
1	1600	NA
1	1605	NA
1	1610	NA
1	1615	NA
1	1620	NA
1	1625	NA
1	1630	NA
1	1635	NA
1	1640	NA
1	1645	NA
1	1650	NA
1	1655	NA
1	1700	NA
1	1705	NA
1	1710	NA
1	1715	NA
1	1720	NA
1	1725	NA
1	1730	NA
1	1735	NA
1	1740	NA
1	1745	NA
1	1750	NA
1	1755	NA
1	1800	NA
1	1805	NA
1	1810	NA
1	1815	NA
1	1820	NA
1	1825	NA
1	1830	NA
1	1835	NA
1	1840	NA
1	1845	NA
1	1850	NA
1	1855	NA
1	1900	NA
1	1905	NA
1	1910	NA
1	1915	NA
1	1920	NA
1	1925	NA
1	1930	NA
1	1935	NA
1	1940	NA
1	1945	NA
1	1950	NA
1	1955	NA
1	2000	NA
1	2005	NA
1	2010	NA
1	2015	NA
1	2020	NA
1	2025	NA
1	2030	NA
1	2035	NA
1	2040	NA
1	2045	NA
1	2050	NA
1	2055	NA
1	2100	NA
1	2105	NA
1	2110	NA
1	2115	NA
1	2120	NA
1	2125	NA
1	2130	NA
1	2135	NA
1	2140	NA
1	2145	NA
1	2150	NA
1	2155	NA
1	2200	NA
1	2205	NA
1	2210	NA
1	2215	NA
1	2220	NA
1	2225	NA
1	2230	NA
1	2235	NA
1	2240	NA
1	2245	NA
1	2250	NA
1	2255	NA
1	2300	NA
1	2305	NA
1	2310	NA
1	2315	NA
1	2320	NA
1	2325	NA
1	2330	NA
1	2335	NA
1	2340	NA
1	2345	NA
1	2350	NA
1	2355	NA
2	0	0
2	5	0
2	10	0
2	15	0
2	20	0
2	25	0
2	30	0
2	35	0
2	40	0
2	45	0
2	50	0
2	55	0
2	100	0
2	105	0
2	110	0
2	115	0
2	120	0
2	125	0
2	130	0
2	135	0
2	140	0
2	145	0
2	150	0
2	155	0
2	200	0
2	205	0
2	210	0
2	215	0
2	220	0
2	225	0
2	230	0
2	235	0
2	240	0
2	245	0
2	250	0
2	255	0
2	300	0
2	305	0
2	310	0
2	315	0
2	320	0
2	325	0
2	330	0
2	335	0
2	340	0
2	345	0
2	350	0
2	355	0
2	400	0
2	405	0
2	410	0
2	415	0
2	420	0
2	425	0
2	430	0
2	435	0
2	440	0
2	445	0
2	450	0
2	455	0
2	500	0
2	505	0
2	510	0
2	515	0
2	520	0
2	525	0
2	530	0
2	535	0
2	540	0
2	545	0
2	550	0
2	555	0
2	600	0
2	605	0
2	610	0
2	615	0
2	620	0
2	625	0
2	630	0
2	635	0
2	640	0
2	645	0
2	650	0
2	655	0
2	700	0
2	705	0
2	710	0
2	715	58.5
2	720	0
2	725	17
2	730	60.5
2	735	13.5
2	740	35
2	745	22.5
2	750	4.5
2	755	40
2	800	69
2	805	47.5
2	810	278
2	815	376.5
2	820	373.5
2	825	365.5
2	830	374
2	835	354
2	840	188.5
2	845	95
2	850	332.5
2	855	23.5
2	900	8
2	905	0
2	910	21
2	915	30
2	920	8.5
2	925	0
2	930	0
2	935	0
2	940	5
2	945	13.5
2	950	0
2	955	23
2	1000	243.5
2	1005	178
2	1010	73
2	1015	0
2	1020	0
2	1025	0
2	1030	4
2	1035	40
2	1040	0
2	1045	0
2	1050	0
2	1055	0
2	1100	0
2	1105	0
2	1110	0
2	1115	0
2	1120	0
2	1125	0
2	1130	0
2	1135	0
2	1140	207.5
2	1145	135
2	1150	8.5
2	1155	0
2	1200	0
2	1205	0
2	1210	164
2	1215	14
2	1220	0
2	1225	24.5
2	1230	0
2	1235	0
2	1240	0
2	1245	0
2	1250	0
2	1255	0
2	1300	0
2	1305	0
2	1310	47.5
2	1315	0
2	1320	0
2	1325	0
2	1330	0
2	1335	0
2	1340	0
2	1345	0
2	1350	0
2	1355	0
2	1400	0
2	1405	8.5
2	1410	5.5
2	1415	10
2	1420	0
2	1425	0
2	1430	0
2	1435	23
2	1440	0
2	1445	0
2	1450	47
2	1455	0
2	1500	0
2	1505	36
2	1510	44.5
2	1515	0
2	1520	0
2	1525	0
2	1530	0
2	1535	0
2	1540	0
2	1545	0
2	1550	0
2	1555	0
2	1600	0
2	1605	0
2	1610	0
2	1615	7
2	1620	56
2	1625	62
2	1630	48.5
2	1635	0
2	1640	7.5
2	1645	0
2	1650	0
2	1655	0
2	1700	8.5
2	1705	0
2	1710	0
2	1715	0
2	1720	0
2	1725	0
2	1730	0
2	1735	0
2	1740	27
2	1745	65
2	1750	3
2	1755	28.5
2	1800	13.5
2	1805	0
2	1810	19
2	1815	26
2	1820	46.5
2	1825	26.5
2	1830	0
2	1835	27.5
2	1840	0
2	1845	37
2	1850	7
2	1855	0
2	1900	0
2	1905	0
2	1910	0
2	1915	0
2	1920	49
2	1925	28
2	1930	27
2	1935	25
2	1940	0
2	1945	20
2	1950	7.5
2	1955	7.5
2	2000	17.5
2	2005	0
2	2010	0
2	2015	0
2	2020	0
2	2025	0
2	2030	0
2	2035	0
2	2040	0
2	2045	12
2	2050	0
2	2055	0
2	2100	0
2	2105	0
2	2110	38.5
2	2115	0
2	2120	0
2	2125	0
2	2130	0
2	2135	0
2	2140	0
2	2145	0
2	2150	0
2	2155	0
2	2200	0
2	2205	0
2	2210	58.5
2	2215	4.5
2	2220	0
2	2225	0
2	2230	0
2	2235	0
2	2240	0
2	2245	0
2	2250	0
2	2255	0
2	2300	0
2	2305	0
2	2310	0
2	2315	0
2	2320	0
2	2325	0
2	2330	0
2	2335	0
2	2340	0
2	2345	0
2	2350	0
2	2355	0
3	0	0
3	5	0
3	10	0
3	15	0
3	20	0
3	25	0
3	30	0
3	35	0
3	40	0
3	45	0
3	50	0
3	55	0
3	100	0
3	105	0
3	110	0
3	115	0
3	120	0
3	125	0
3	130	0
3	135	0
3	140	0
3	145	0
3	150	0
3	155	0
3	200	0
3	205	0
3	210	0
3	215	0
3	220	0
3	225	0
3	230	0
3	235	0
3	240	0
3	245	0
3	250	0
3	255	0
3	300	0
3	305	0
3	310	0
3	315	0
3	320	0
3	325	0
3	330	0
3	335	0
3	340	0
3	345	0
3	350	0
3	355	0
3	400	0
3	405	0
3	410	2
3	415	0
3	420	0
3	425	0
3	430	18
3	435	0
3	440	0
3	445	0
3	450	0
3	455	0
3	500	0
3	505	0
3	510	0
3	515	0
3	520	0
3	525	0
3	530	0
3	535	12.5
3	540	0
3	545	0
3	550	45
3	555	205.5
3	600	206.5
3	605	207.5
3	610	259.5
3	615	264.5
3	620	306.5
3	625	281
3	630	306
3	635	267
3	640	161.5
3	645	300
3	650	266.5
3	655	125.5
3	700	40
3	705	28.5
3	710	16
3	715	40
3	720	5
3	725	24.5
3	730	97
3	735	23
3	740	21.5
3	745	26.5
3	750	63
3	755	24.5
3	800	86.5
3	805	31
3	810	15.5
3	815	16
3	820	56
3	825	42
3	830	93
3	835	9.5
3	840	36.5
3	845	120.5
3	850	262.5
3	855	254
3	900	99
3	905	229
3	910	221.5
3	915	272.5
3	920	488.5
3	925	389
3	930	248
3	935	240
3	940	33.5
3	945	0
3	950	0
3	955	0
3	1000	0
3	1005	0
3	1010	0
3	1015	20
3	1020	0
3	1025	0
3	1030	0
3	1035	0
3	1040	0
3	1045	0
3	1050	0
3	1055	0
3	1100	0
3	1105	0
3	1110	0
3	1115	0
3	1120	0
3	1125	14.5
3	1130	6
3	1135	66
3	1140	40.5
3	1145	21.5
3	1150	27
3	1155	92
3	1200	100.5
3	1205	0
3	1210	0
3	1215	25
3	1220	133
3	1225	32.5
3	1230	7.5
3	1235	0
3	1240	26
3	1245	0
3	1250	26
3	1255	47
3	1300	129.5
3	1305	34.5
3	1310	0
3	1315	77
3	1320	16.5
3	1325	8
3	1330	39.5
3	1335	59.5
3	1340	0
3	1345	49.5
3	1350	70.5
3	1355	33
3	1400	0
3	1405	38.5
3	1410	15.5
3	1415	6
3	1420	15
3	1425	20.5
3	1430	25
3	1435	0
3	1440	0
3	1445	0
3	1450	12
3	1455	10.5
3	1500	0
3	1505	0
3	1510	0
3	1515	0
3	1520	0
3	1525	0
3	1530	0
3	1535	57
3	1540	0
3	1545	44
3	1550	77
3	1555	0
3	1600	10
3	1605	0
3	1610	0
3	1615	0
3	1620	0
3	1625	0
3	1630	10
3	1635	23.5
3	1640	12
3	1645	33.5
3	1650	0
3	1655	0
3	1700	0
3	1705	0
3	1710	142
3	1715	86.5
3	1720	108.5
3	1725	40
3	1730	0
3	1735	96.5
3	1740	287.5
3	1745	51.5
3	1750	66
3	1755	102
3	1800	131.5
3	1805	147.5
3	1810	196
3	1815	162
3	1820	25.5
3	1825	18
3	1830	56
3	1835	13
3	1840	15
3	1845	4
3	1850	19.5
3	1855	42.5
3	1900	43
3	1905	51.5
3	1910	0
3	1915	37.5
3	1920	2.5
3	1925	0
3	1930	96.5
3	1935	34.5
3	1940	45
3	1945	45
3	1950	0
3	1955	0
3	2000	17
3	2005	0
3	2010	0
3	2015	0
3	2020	0
3	2025	18
3	2030	36.5
3	2035	4.5
3	2040	0
3	2045	0
3	2050	37
3	2055	9
3	2100	36
3	2105	0
3	2110	0
3	2115	0
3	2120	0
3	2125	0
3	2130	45
3	2135	64
3	2140	23
3	2145	0
3	2150	0
3	2155	0
3	2200	0
3	2205	0
3	2210	0
3	2215	0
3	2220	0
3	2225	0
3	2230	0
3	2235	0
3	2240	0
3	2245	0
3	2250	0
3	2255	0
3	2300	0
3	2305	0
3	2310	0
3	2315	0
3	2320	0
3	2325	0
3	2330	0
3	2335	0
3	2340	0
3	2345	4
3	2350	0
3	2355	0
4	0	NA
4	5	NA
4	10	NA
4	15	NA
4	20	NA
4	25	NA
4	30	NA
4	35	NA
4	40	NA
4	45	NA
4	50	NA
4	55	NA
4	100	NA
4	105	NA
4	110	NA
4	115	NA
4	120	NA
4	125	NA
4	130	NA
4	135	NA
4	140	NA
4	145	NA
4	150	NA
4	155	NA
4	200	NA
4	205	NA
4	210	NA
4	215	NA
4	220	NA
4	225	NA
4	230	NA
4	235	NA
4	240	NA
4	245	NA
4	250	NA
4	255	NA
4	300	NA
4	305	NA
4	310	NA
4	315	NA
4	320	NA
4	325	NA
4	330	NA
4	335	NA
4	340	NA
4	345	NA
4	350	NA
4	355	NA
4	400	NA
4	405	NA
4	410	NA
4	415	NA
4	420	NA
4	425	NA
4	430	NA
4	435	NA
4	440	NA
4	445	NA
4	450	NA
4	455	NA
4	500	NA
4	505	NA
4	510	NA
4	515	NA
4	520	NA
4	525	NA
4	530	NA
4	535	NA
4	540	NA
4	545	NA
4	550	NA
4	555	NA
4	600	NA
4	605	NA
4	610	NA
4	615	NA
4	620	NA
4	625	NA
4	630	NA
4	635	NA
4	640	NA
4	645	NA
4	650	NA
4	655	NA
4	700	NA
4	705	NA
4	710	NA
4	715	NA
4	720	NA
4	725	NA
4	730	NA
4	735	NA
4	740	NA
4	745	NA
4	750	NA
4	755	NA
4	800	NA
4	805	NA
4	810	NA
4	815	NA
4	820	NA
4	825	NA
4	830	NA
4	835	NA
4	840	NA
4	845	NA
4	850	NA
4	855	NA
4	900	NA
4	905	NA
4	910	NA
4	915	NA
4	920	NA
4	925	NA
4	930	NA
4	935	NA
4	940	NA
4	945	NA
4	950	NA
4	955	NA
4	1000	NA
4	1005	NA
4	1010	NA
4	1015	NA
4	1020	NA
4	1025	NA
4	1030	NA
4	1035	NA
4	1040	NA
4	1045	NA
4	1050	NA
4	1055	NA
4	1100	NA
4	1105	NA
4	1110	NA
4	1115	NA
4	1120	NA
4	1125	NA
4	1130	NA
4	1135	NA
4	1140	NA
4	1145	NA
4	1150	NA
4	1155	NA
4	1200	NA
4	1205	NA
4	1210	NA
4	1215	NA
4	1220	NA
4	1225	NA
4	1230	NA
4	1235	NA
4	1240	NA
4	1245	NA
4	1250	NA
4	1255	NA
4	1300	NA
4	1305	NA
4	1310	NA
4	1315	NA
4	1320	NA
4	1325	NA
4	1330	NA
4	1335	NA
4	1340	NA
4	1345	NA
4	1350	NA
4	1355	NA
4	1400	NA
4	1405	NA
4	1410	NA
4	1415	NA
4	1420	NA
4	1425	NA
4	1430	NA
4	1435	NA
4	1440	NA
4	1445	NA
4	1450	NA
4	1455	NA
4	1500	NA
4	1505	NA
4	1510	NA
4	1515	NA
4	1520	NA
4	1525	NA
4	1530	NA
4	1535	NA
4	1540	NA
4	1545	NA
4	1550	NA
4	1555	NA
4	1600	NA
4	1605	NA
4	1610	NA
4	1615	NA
4	1620	NA
4	1625	NA
4	1630	NA
4	1635	NA
4	1640	NA
4	1645	NA
4	1650	NA
4	1655	NA
4	1700	NA
4	1705	NA
4	1710	NA
4	1715	NA
4	1720	NA
4	1725	NA
4	1730	NA
4	1735	NA
4	1740	NA
4	1745	NA
4	1750	NA
4	1755	NA
4	1800	NA
4	1805	NA
4	1810	NA
4	1815	NA
4	1820	NA
4	1825	NA
4	1830	NA
4	1835	NA
4	1840	NA
4	1845	NA
4	1850	NA
4	1855	NA
4	1900	NA
4	1905	NA
4	1910	NA
4	1915	NA
4	1920	NA
4	1925	NA
4	1930	NA
4	1935	NA
4	1940	NA
4	1945	NA
4	1950	NA
4	1955	NA
4	2000	NA
4	2005	NA
4	2010	NA
4	2015	NA
4	2020	NA
4	2025	NA
4	2030	NA
4	2035	NA
4	2040	NA
4	2045	NA
4	2050	NA
4	2055	NA
4	2100	NA
4	2105	NA
4	2110	NA
4	2115	NA
4	2120	NA
4	2125	NA
4	2130	NA
4	2135	NA
4	2140	NA
4	2145	NA
4	2150	NA
4	2155	NA
4	2200	NA
4	2205	NA
4	2210	NA
4	2215	NA
4	2220	NA
4	2225	NA
4	2230	NA
4	2235	NA
4	2240	NA
4	2245	NA
4	2250	NA
4	2255	NA
4	2300	NA
4	2305	NA
4	2310	NA
4	2315	NA
4	2320	NA
4	2325	NA
4	2330	NA
4	2335	NA
4	2340	NA
4	2345	NA
4	2350	NA
4	2355	NA
5	0	0
5	5	0
5	10	0
5	15	0
5	20	0
5	25	0
5	30	0
5	35	0
5	40	0
5	45	0
5	50	0
5	55	0
5	100	0
5	105	0
5	110	0
5	115	0
5	120	0
5	125	0
5	130	0
5	135	0
5	140	0
5	145	4.5
5	150	7
5	155	0
5	200	0
5	205	0
5	210	0
5	215	0
5	220	0
5	225	3.5
5	230	0
5	235	0
5	240	0
5	245	0
5	250	13.5
5	255	0
5	300	0
5	305	0
5	310	0
5	315	0
5	320	0
5	325	0
5	330	0
5	335	0
5	340	0
5	345	0
5	350	0
5	355	0
5	400	0
5	405	19.5
5	410	0
5	415	0
5	420	0
5	425	0
5	430	0
5	435	0
5	440	0
5	445	0
5	450	0
5	455	0
5	500	0
5	505	13.5
5	510	0
5	515	0
5	520	0
5	525	0
5	530	0
5	535	0
5	540	0
5	545	0
5	550	0
5	555	26
5	600	18
5	605	0
5	610	0
5	615	14
5	620	33.5
5	625	59.5
5	630	3.5
5	635	10.5
5	640	14.5
5	645	34
5	650	14.5
5	655	0
5	700	5.5
5	705	9.5
5	710	42
5	715	80.5
5	720	23
5	725	25
5	730	63
5	735	15
5	740	13
5	745	16.5
5	750	104
5	755	46
5	800	57
5	805	18
5	810	14
5	815	64.5
5	820	291.5
5	825	246.5
5	830	242.5
5	835	300.5
5	840	262
5	845	297
5	850	288
5	855	288
5	900	446.5
5	905	567
5	910	467
5	915	395
5	920	309
5	925	392.5
5	930	380
5	935	342
5	940	75.5
5	945	303
5	950	254
5	955	50.5
5	1000	0
5	1005	0
5	1010	0
5	1015	0
5	1020	84
5	1025	0
5	1030	0
5	1035	0
5	1040	0
5	1045	0
5	1050	0
5	1055	0
5	1100	0
5	1105	0
5	1110	0
5	1115	0
5	1120	0
5	1125	0
5	1130	0
5	1135	0
5	1140	0
5	1145	0
5	1150	0
5	1155	0
5	1200	69
5	1205	343
5	1210	309.5
5	1215	198
5	1220	191.5
5	1225	12
5	1230	277
5	1235	257.5
5	1240	84
5	1245	25
5	1250	6
5	1255	0
5	1300	0
5	1305	0
5	1310	0
5	1315	0
5	1320	174.5
5	1325	170.5
5	1330	0
5	1335	0
5	1340	0
5	1345	0
5	1350	0
5	1355	79
5	1400	272.5
5	1405	41
5	1410	0
5	1415	52.5
5	1420	0
5	1425	0
5	1430	0
5	1435	0
5	1440	0
5	1445	0
5	1450	0
5	1455	0
5	1500	0
5	1505	0
5	1510	0
5	1515	0
5	1520	0
5	1525	0
5	1530	0
5	1535	0
5	1540	163
5	1545	86
5	1550	166
5	1555	201
5	1600	48.5
5	1605	13.5
5	1610	0
5	1615	0
5	1620	0
5	1625	11
5	1630	0
5	1635	0
5	1640	0
5	1645	8
5	1650	9.5
5	1655	0
5	1700	15
5	1705	28.5
5	1710	38
5	1715	128.5
5	1720	64
5	1725	54.5
5	1730	85
5	1735	42
5	1740	6
5	1745	5
5	1750	46
5	1755	5
5	1800	32.5
5	1805	20
5	1810	39
5	1815	14.5
5	1820	20.5
5	1825	20
5	1830	59.5
5	1835	69
5	1840	28
5	1845	57.5
5	1850	35
5	1855	13
5	1900	36
5	1905	29
5	1910	37.5
5	1915	52.5
5	1920	0
5	1925	4.5
5	1930	0
5	1935	73
5	1940	0
5	1945	0
5	1950	0
5	1955	0
5	2000	0
5	2005	0
5	2010	0
5	2015	0
5	2020	0
5	2025	0
5	2030	0
5	2035	35.5
5	2040	0
5	2045	0
5	2050	16.5
5	2055	33
5	2100	0
5	2105	0
5	2110	33
5	2115	27.5
5	2120	35
5	2125	51
5	2130	39.5
5	2135	0
5	2140	0
5	2145	0
5	2150	0
5	2155	0
5	2200	0
5	2205	0
5	2210	0
5	2215	0
5	2220	0
5	2225	0
5	2230	0
5	2235	0
5	2240	0
5	2245	0
5	2250	0
5	2255	0
5	2300	0
5	2305	0
5	2310	0
5	2315	0
5	2320	0
5	2325	0
5	2330	0
5	2335	0
5	2340	0
5	2345	0
5	2350	0
5	2355	0
6	0	0
6	5	0
6	10	0
6	15	0
6	20	0
6	25	0
6	30	0
6	35	0
6	40	0
6	45	0
6	50	0
6	55	0
6	100	0
6	105	0
6	110	0
6	115	0
6	120	0
6	125	0
6	130	0
6	135	0
6	140	0
6	145	0
6	150	0
6	155	0
6	200	0
6	205	0
6	210	0
6	215	0
6	220	0
6	225	0
6	230	0
6	235	0
6	240	0
6	245	0
6	250	0
6	255	0
6	300	0
6	305	0
6	310	0
6	315	0
6	320	0
6	325	0
6	330	20
6	335	5.5
6	340	0
6	345	0
6	350	0
6	355	0
6	400	0
6	405	0
6	410	0
6	415	0
6	420	0
6	425	9.5
6	430	33.5
6	435	0
6	440	0
6	445	0
6	450	0
6	455	0
6	500	0
6	505	0
6	510	0
6	515	0
6	520	0
6	525	0
6	530	0
6	535	0
6	540	13.5
6	545	0
6	550	0
6	555	0
6	600	0
6	605	0
6	610	0
6	615	18
6	620	35.5
6	625	43
6	630	0
6	635	9.5
6	640	33
6	645	25.5
6	650	99
6	655	74.5
6	700	288
6	705	123.5
6	710	15.5
6	715	26
6	720	0
6	725	52
6	730	96.5
6	735	29
6	740	8.5
6	745	255.5
6	750	352.5
6	755	186
6	800	16
6	805	139.5
6	810	220
6	815	74.5
6	820	0
6	825	41
6	830	53
6	835	112.5
6	840	132.5
6	845	118
6	850	25
6	855	191
6	900	231.5
6	905	82.5
6	910	32.5
6	915	86.5
6	920	21.5
6	925	0
6	930	0
6	935	0
6	940	0
6	945	0
6	950	4.5
6	955	0
6	1000	8
6	1005	13
6	1010	119
6	1015	12
6	1020	74.5
6	1025	67.5
6	1030	0
6	1035	0
6	1040	0
6	1045	0
6	1050	0
6	1055	0
6	1100	0
6	1105	0
6	1110	3
6	1115	5.5
6	1120	0
6	1125	0
6	1130	0
6	1135	47.5
6	1140	41
6	1145	3.5
6	1150	16.5
6	1155	36
6	1200	110.5
6	1205	270
6	1210	435
6	1215	236
6	1220	200
6	1225	60.5
6	1230	35.5
6	1235	5
6	1240	43.5
6	1245	226
6	1250	256
6	1255	232.5
6	1300	242.5
6	1305	175.5
6	1310	257.5
6	1315	255.5
6	1320	400
6	1325	327
6	1330	162.5
6	1335	6
6	1340	12
6	1345	24
6	1350	72.5
6	1355	7.5
6	1400	0
6	1405	21.5
6	1410	33.5
6	1415	65.5
6	1420	0
6	1425	5
6	1430	4.5
6	1435	15.5
6	1440	15
6	1445	32
6	1450	57.5
6	1455	12.5
6	1500	0
6	1505	51.5
6	1510	0
6	1515	0
6	1520	94
6	1525	47
6	1530	0
6	1535	50.5
6	1540	0
6	1545	0
6	1550	0
6	1555	0
6	1600	13.5
6	1605	13.5
6	1610	0
6	1615	0
6	1620	4.5
6	1625	59
6	1630	4
6	1635	101.5
6	1640	17.5
6	1645	0
6	1650	218
6	1655	98.5
6	1700	0
6	1705	0
6	1710	0
6	1715	46.5
6	1720	0
6	1725	0
6	1730	6.5
6	1735	0
6	1740	36.5
6	1745	40
6	1750	0
6	1755	15
6	1800	43
6	1805	53
6	1810	102.5
6	1815	211
6	1820	273
6	1825	287
6	1830	266.5
6	1835	222
6	1840	268.5
6	1845	159.5
6	1850	55
6	1855	49
6	1900	72
6	1905	77.5
6	1910	49.5
6	1915	0
6	1920	0
6	1925	14
6	1930	27.5
6	1935	61.5
6	1940	52
6	1945	19.5
6	1950	0
6	1955	0
6	2000	0
6	2005	0
6	2010	16.5
6	2015	59
6	2020	0
6	2025	3
6	2030	0
6	2035	131
6	2040	16.5
6	2045	23
6	2050	17.5
6	2055	19.5
6	2100	0
6	2105	0
6	2110	0
6	2115	0
6	2120	0
6	2125	0
6	2130	0
6	2135	0
6	2140	0
6	2145	0
6	2150	0
6	2155	0
6	2200	0
6	2205	0
6	2210	0
6	2215	0
6	2220	0
6	2225	0
6	2230	0
6	2235	0
6	2240	0
6	2245	0
6	2250	0
6	2255	0
6	2300	0
6	2305	17
6	2310	0
6	2315	0
6	2320	0
6	2325	21.5
6	2330	19
6	2335	23
6	2340	32
6	2345	0
6	2350	0
6	2355	0
7	0	0
7	5	0
7	10	0
7	15	0
7	20	0
7	25	0
7	30	0
7	35	0
7	40	0
7	45	0
7	50	0
7	55	3.5
7	100	0
7	105	18
7	110	0
7	115	0
7	120	0
7	125	0
7	130	4
7	135	0
7	140	0
7	145	5.5
7	150	0
7	155	0
7	200	0
7	205	0
7	210	0
7	215	0
7	220	0
7	225	0
7	230	0
7	235	0
7	240	0
7	245	0
7	250	0
7	255	0
7	300	0
7	305	0
7	310	0
7	315	0
7	320	0
7	325	0
7	330	0
7	335	0
7	340	0
7	345	0
7	350	0
7	355	0
7	400	0
7	405	0
7	410	0
7	415	0
7	420	0
7	425	0
7	430	0
7	435	0
7	440	18
7	445	0
7	450	0
7	455	0
7	500	0
7	505	0
7	510	0
7	515	0
7	520	0
7	525	0
7	530	0
7	535	0
7	540	0
7	545	0
7	550	0
7	555	0
7	600	0
7	605	0
7	610	7.5
7	615	39
7	620	6.5
7	625	3.5
7	630	95.5
7	635	15.5
7	640	6.5
7	645	27
7	650	33.5
7	655	66
7	700	51
7	705	32.5
7	710	41.5
7	715	0
7	720	81
7	725	33
7	730	0
7	735	5
7	740	40.5
7	745	71
7	750	59.5
7	755	158.5
7	800	153.5
7	805	56
7	810	0.5
7	815	210
7	820	371
7	825	315.5
7	830	232.5
7	835	345
7	840	372.5
7	845	349
7	850	383
7	855	253.5
7	900	25.5
7	905	0
7	910	124.5
7	915	228
7	920	140.5
7	925	151
7	930	44
7	935	62
7	940	56.5
7	945	137
7	950	44.5
7	955	136.5
7	1000	144.5
7	1005	210.5
7	1010	359
7	1015	285.5
7	1020	281.5
7	1025	207
7	1030	78
7	1035	17
7	1040	0
7	1045	0
7	1050	0
7	1055	9.5
7	1100	0
7	1105	8
7	1110	0
7	1115	0
7	1120	0
7	1125	34
7	1130	32
7	1135	0
7	1140	59
7	1145	13
7	1150	65.5
7	1155	17
7	1200	51
7	1205	17
7	1210	27.5
7	1215	201.5
7	1220	121
7	1225	78
7	1230	251.5
7	1235	37.5
7	1240	17.5
7	1245	26.5
7	1250	7.5
7	1255	6
7	1300	38
7	1305	73.5
7	1310	85.5
7	1315	3.5
7	1320	0
7	1325	49
7	1330	28
7	1335	0
7	1340	0
7	1345	0
7	1350	0
7	1355	11
7	1400	8
7	1405	0
7	1410	0
7	1415	0
7	1420	0
7	1425	5.5
7	1430	5.5
7	1435	0
7	1440	0
7	1445	0
7	1450	0
7	1455	0
7	1500	0
7	1505	0
7	1510	32.5
7	1515	3.5
7	1520	71.5
7	1525	30
7	1530	8.5
7	1535	0
7	1540	0
7	1545	173
7	1550	0
7	1555	0
7	1600	0
7	1605	0
7	1610	6
7	1615	12.5
7	1620	15
7	1625	25
7	1630	0
7	1635	41.5
7	1640	6.5
7	1645	73
7	1650	211
7	1655	226.5
7	1700	205.5
7	1705	259
7	1710	319
7	1715	206.5
7	1720	10
7	1725	82.5
7	1730	0
7	1735	39.5
7	1740	133.5
7	1745	316.5
7	1750	53.5
7	1755	0
7	1800	48.5
7	1805	15
7	1810	9
7	1815	38.5
7	1820	0
7	1825	0
7	1830	0
7	1835	69
7	1840	112.5
7	1845	41
7	1850	29
7	1855	15
7	1900	11.5
7	1905	52
7	1910	67.5
7	1915	18.5
7	1920	3.5
7	1925	44
7	1930	26
7	1935	30
7	1940	0
7	1945	0
7	1950	0
7	1955	13.5
7	2000	33
7	2005	16.5
7	2010	21
7	2015	105.5
7	2020	85
7	2025	0
7	2030	145
7	2035	0
7	2040	0
7	2045	8.5
7	2050	27.5
7	2055	0
7	2100	58.5
7	2105	36
7	2110	26
7	2115	25
7	2120	19.5
7	2125	0
7	2130	0
7	2135	0
7	2140	0
7	2145	34.5
7	2150	0
7	2155	0
7	2200	0
7	2205	0
7	2210	0
7	2215	0
7	2220	0
7	2225	0
7	2230	0
7	2235	0
7	2240	0
7	2245	0
7	2250	0
7	2255	0
7	2300	0
7	2305	0
7	2310	0
7	2315	10
7	2320	0
7	2325	6
7	2330	0
7	2335	0
7	2340	0
7	2345	0
7	2350	0
7	2355	0
8	0	NA
8	5	NA
8	10	NA
8	15	NA
8	20	NA
8	25	NA
8	30	NA
8	35	NA
8	40	NA
8	45	NA
8	50	NA
8	55	NA
8	100	NA
8	105	NA
8	110	NA
8	115	NA
8	120	NA
8	125	NA
8	130	NA
8	135	NA
8	140	NA
8	145	NA
8	150	NA
8	155	NA
8	200	NA
8	205	NA
8	210	NA
8	215	NA
8	220	NA
8	225	NA
8	230	NA
8	235	NA
8	240	NA
8	245	NA
8	250	NA
8	255	NA
8	300	NA
8	305	NA
8	310	NA
8	315	NA
8	320	NA
8	325	NA
8	330	NA
8	335	NA
8	340	NA
8	345	NA
8	350	NA
8	355	NA
8	400	NA
8	405	NA
8	410	NA
8	415	NA
8	420	NA
8	425	NA
8	430	NA
8	435	NA
8	440	NA
8	445	NA
8	450	NA
8	455	NA
8	500	NA
8	505	NA
8	510	NA
8	515	NA
8	520	NA
8	525	NA
8	530	NA
8	535	NA
8	540	NA
8	545	NA
8	550	NA
8	555	NA
8	600	NA
8	605	NA
8	610	NA
8	615	NA
8	620	NA
8	625	NA
8	630	NA
8	635	NA
8	640	NA
8	645	NA
8	650	NA
8	655	NA
8	700	NA
8	705	NA
8	710	NA
8	715	NA
8	720	NA
8	725	NA
8	730	NA
8	735	NA
8	740	NA
8	745	NA
8	750	NA
8	755	NA
8	800	NA
8	805	NA
8	810	NA
8	815	NA
8	820	NA
8	825	NA
8	830	NA
8	835	NA
8	840	NA
8	845	NA
8	850	NA
8	855	NA
8	900	NA
8	905	NA
8	910	NA
8	915	NA
8	920	NA
8	925	NA
8	930	NA
8	935	NA
8	940	NA
8	945	NA
8	950	NA
8	955	NA
8	1000	NA
8	1005	NA
8	1010	NA
8	1015	NA
8	1020	NA
8	1025	NA
8	1030	NA
8	1035	NA
8	1040	NA
8	1045	NA
8	1050	NA
8	1055	NA
8	1100	NA
8	1105	NA
8	1110	NA
8	1115	NA
8	1120	NA
8	1125	NA
8	1130	NA
8	1135	NA
8	1140	NA
8	1145	NA
8	1150	NA
8	1155	NA
8	1200	NA
8	1205	NA
8	1210	NA
8	1215	NA
8	1220	NA
8	1225	NA
8	1230	NA
8	1235	NA
8	1240	NA
8	1245	NA
8	1250	NA
8	1255	NA
8	1300	NA
8	1305	NA
8	1310	NA
8	1315	NA
8	1320	NA
8	1325	NA
8	1330	NA
8	1335	NA
8	1340	NA
8	1345	NA
8	1350	NA
8	1355	NA
8	1400	NA
8	1405	NA
8	1410	NA
8	1415	NA
8	1420	NA
8	1425	NA
8	1430	NA
8	1435	NA
8	1440	NA
8	1445	NA
8	1450	NA
8	1455	NA
8	1500	NA
8	1505	NA
8	1510	NA
8	1515	NA
8	1520	NA
8	1525	NA
8	1530	NA
8	1535	NA
8	1540	NA
8	1545	NA
8	1550	NA
8	1555	NA
8	1600	NA
8	1605	NA
8	1610	NA
8	1615	NA
8	1620	NA
8	1625	NA
8	1630	NA
8	1635	NA
8	1640	NA
8	1645	NA
8	1650	NA
8	1655	NA
8	1700	NA
8	1705	NA
8	1710	NA
8	1715	NA
8	1720	NA
8	1725	NA
8	1730	NA
8	1735	NA
8	1740	NA
8	1745	NA
8	1750	NA
8	1755	NA
8	1800	NA
8	1805	NA
8	1810	NA
8	1815	NA
8	1820	NA
8	1825	NA
8	1830	NA
8	1835	NA
8	1840	NA
8	1845	NA
8	1850	NA
8	1855	NA
8	1900	NA
8	1905	NA
8	1910	NA
8	1915	NA
8	1920	NA
8	1925	NA
8	1930	NA
8	1935	NA
8	1940	NA
8	1945	NA
8	1950	NA
8	1955	NA
8	2000	NA
8	2005	NA
8	2010	NA
8	2015	NA
8	2020	NA
8	2025	NA
8	2030	NA
8	2035	NA
8	2040	NA
8	2045	NA
8	2050	NA
8	2055	NA
8	2100	NA
8	2105	NA
8	2110	NA
8	2115	NA
8	2120	NA
8	2125	NA
8	2130	NA
8	2135	NA
8	2140	NA
8	2145	NA
8	2150	NA
8	2155	NA
8	2200	NA
8	2205	NA
8	2210	NA
8	2215	NA
8	2220	NA
8	2225	NA
8	2230	NA
8	2235	NA
8	2240	NA
8	2245	NA
8	2250	NA
8	2255	NA
8	2300	NA
8	2305	NA
8	2310	NA
8	2315	NA
8	2320	NA
8	2325	NA
8	2330	NA
8	2335	NA
8	2340	NA
8	2345	NA
8	2350	NA
8	2355	NA
9	0	NA
9	5	NA
9	10	NA
9	15	NA
9	20	NA
9	25	NA
9	30	NA
9	35	NA
9	40	NA
9	45	NA
9	50	NA
9	55	NA
9	100	NA
9	105	NA
9	110	NA
9	115	NA
9	120	NA
9	125	NA
9	130	NA
9	135	NA
9	140	NA
9	145	NA
9	150	NA
9	155	NA
9	200	NA
9	205	NA
9	210	NA
9	215	NA
9	220	NA
9	225	NA
9	230	NA
9	235	NA
9	240	NA
9	245	NA
9	250	NA
9	255	NA
9	300	NA
9	305	NA
9	310	NA
9	315	NA
9	320	NA
9	325	NA
9	330	NA
9	335	NA
9	340	NA
9	345	NA
9	350	NA
9	355	NA
9	400	NA
9	405	NA
9	410	NA
9	415	NA
9	420	NA
9	425	NA
9	430	NA
9	435	NA
9	440	NA
9	445	NA
9	450	NA
9	455	NA
9	500	NA
9	505	NA
9	510	NA
9	515	NA
9	520	NA
9	525	NA
9	530	NA
9	535	NA
9	540	NA
9	545	NA
9	550	NA
9	555	NA
9	600	NA
9	605	NA
9	610	NA
9	615	NA
9	620	NA
9	625	NA
9	630	NA
9	635	NA
9	640	NA
9	645	NA
9	650	NA
9	655	NA
9	700	NA
9	705	NA
9	710	NA
9	715	NA
9	720	NA
9	725	NA
9	730	NA
9	735	NA
9	740	NA
9	745	NA
9	750	NA
9	755	NA
9	800	NA
9	805	NA
9	810	NA
9	815	NA
9	820	NA
9	825	NA
9	830	NA
9	835	NA
9	840	NA
9	845	NA
9	850	NA
9	855	NA
9	900	NA
9	905	NA
9	910	NA
9	915	NA
9	920	NA
9	925	NA
9	930	NA
9	935	NA
9	940	NA
9	945	NA
9	950	NA
9	955	NA
9	1000	NA
9	1005	NA
9	1010	NA
9	1015	NA
9	1020	NA
9	1025	NA
9	1030	NA
9	1035	NA
9	1040	NA
9	1045	NA
9	1050	NA
9	1055	NA
9	1100	NA
9	1105	NA
9	1110	NA
9	1115	NA
9	1120	NA
9	1125	NA
9	1130	NA
9	1135	NA
9	1140	NA
9	1145	NA
9	1150	NA
9	1155	NA
9	1200	NA
9	1205	NA
9	1210	NA
9	1215	NA
9	1220	NA
9	1225	NA
9	1230	NA
9	1235	NA
9	1240	NA
9	1245	NA
9	1250	NA
9	1255	NA
9	1300	NA
9	1305	NA
9	1310	NA
9	1315	NA
9	1320	NA
9	1325	NA
9	1330	NA
9	1335	NA
9	1340	NA
9	1345	NA
9	1350	NA
9	1355	NA
9	1400	NA
9	1405	NA
9	1410	NA
9	1415	NA
9	1420	NA
9	1425	NA
9	1430	NA
9	1435	NA
9	1440	NA
9	1445	NA
9	1450	NA
9	1455	NA
9	1500	NA
9	1505	NA
9	1510	NA
9	1515	NA
9	1520	NA
9	1525	NA
9	1530	NA
9	1535	NA
9	1540	NA
9	1545	NA
9	1550	NA
9	1555	NA
9	1600	NA
9	1605	NA
9	1610	NA
9	1615	NA
9	1620	NA
9	1625	NA
9	1630	NA
9	1635	NA
9	1640	NA
9	1645	NA
9	1650	NA
9	1655	NA
9	1700	NA
9	1705	NA
9	1710	NA
9	1715	NA
9	1720	NA
9	1725	NA
9	1730	NA
9	1735	NA
9	1740	NA
9	1745	NA
9	1750	NA
9	1755	NA
9	1800	NA
9	1805	NA
9	1810	NA
9	1815	NA
9	1820	NA
9	1825	NA
9	1830	NA
9	1835	NA
9	1840	NA
9	1845	NA
9	1850	NA
9	1855	NA
9	1900	NA
9	1905	NA
9	1910	NA
9	1915	NA
9	1920	NA
9	1925	NA
9	1930	NA
9	1935	NA
9	1940	NA
9	1945	NA
9	1950	NA
9	1955	NA
9	2000	NA
9	2005	NA
9	2010	NA
9	2015	NA
9	2020	NA
9	2025	NA
9	2030	NA
9	2035	NA
9	2040	NA
9	2045	NA
9	2050	NA
9	2055	NA
9	2100	NA
9	2105	NA
9	2110	NA
9	2115	NA
9	2120	NA
9	2125	NA
9	2130	NA
9	2135	NA
9	2140	NA
9	2145	NA
9	2150	NA
9	2155	NA
9	2200	NA
9	2205	NA
9	2210	NA
9	2215	NA
9	2220	NA
9	2225	NA
9	2230	NA
9	2235	NA
9	2240	NA
9	2245	NA
9	2250	NA
9	2255	NA
9	2300	NA
9	2305	NA
9	2310	NA
9	2315	NA
9	2320	NA
9	2325	NA
9	2330	NA
9	2335	NA
9	2340	NA
9	2345	NA
9	2350	NA
9	2355	NA
10	0	NA
10	5	NA
10	10	NA
10	15	NA
10	20	NA
10	25	NA
10	30	NA
10	35	NA
10	40	NA
10	45	NA
10	50	NA
10	55	NA
10	100	NA
10	105	NA
10	110	NA
10	115	NA
10	120	NA
10	125	NA
10	130	NA
10	135	NA
10	140	NA
10	145	NA
10	150	NA
10	155	NA
10	200	NA
10	205	NA
10	210	NA
10	215	NA
10	220	NA
10	225	NA
10	230	NA
10	235	NA
10	240	NA
10	245	NA
10	250	NA
10	255	NA
10	300	NA
10	305	NA
10	310	NA
10	315	NA
10	320	NA
10	325	NA
10	330	NA
10	335	NA
10	340	NA
10	345	NA
10	350	NA
10	355	NA
10	400	NA
10	405	NA
10	410	NA
10	415	NA
10	420	NA
10	425	NA
10	430	NA
10	435	NA
10	440	NA
10	445	NA
10	450	NA
10	455	NA
10	500	NA
10	505	NA
10	510	NA
10	515	NA
10	520	NA
10	525	NA
10	530	NA
10	535	NA
10	540	NA
10	545	NA
10	550	NA
10	555	NA
10	600	NA
10	605	NA
10	610	NA
10	615	NA
10	620	NA
10	625	NA
10	630	NA
10	635	NA
10	640	NA
10	645	NA
10	650	NA
10	655	NA
10	700	NA
10	705	NA
10	710	NA
10	715	NA
10	720	NA
10	725	NA
10	730	NA
10	735	NA
10	740	NA
10	745	NA
10	750	NA
10	755	NA
10	800	NA
10	805	NA
10	810	NA
10	815	NA
10	820	NA
10	825	NA
10	830	NA
10	835	NA
10	840	NA
10	845	NA
10	850	NA
10	855	NA
10	900	NA
10	905	NA
10	910	NA
10	915	NA
10	920	NA
10	925	NA
10	930	NA
10	935	NA
10	940	NA
10	945	NA
10	950	NA
10	955	NA
10	1000	NA
10	1005	NA
10	1010	NA
10	1015	NA
10	1020	NA
10	1025	NA
10	1030	NA
10	1035	NA
10	1040	NA
10	1045	NA
10	1050	NA
10	1055	NA
10	1100	NA
10	1105	NA
10	1110	NA
10	1115	NA
10	1120	NA
10	1125	NA
10	1130	NA
10	1135	NA
10	1140	NA
10	1145	NA
10	1150	NA
10	1155	NA
10	1200	NA
10	1205	NA
10	1210	NA
10	1215	NA
10	1220	NA
10	1225	NA
10	1230	NA
10	1235	NA
10	1240	NA
10	1245	NA
10	1250	NA
10	1255	NA
10	1300	NA
10	1305	NA
10	1310	NA
10	1315	NA
10	1320	NA
10	1325	NA
10	1330	NA
10	1335	NA
10	1340	NA
10	1345	NA
10	1350	NA
10	1355	NA
10	1400	NA
10	1405	NA
10	1410	NA
10	1415	NA
10	1420	NA
10	1425	NA
10	1430	NA
10	1435	NA
10	1440	NA
10	1445	NA
10	1450	NA
10	1455	NA
10	1500	NA
10	1505	NA
10	1510	NA
10	1515	NA
10	1520	NA
10	1525	NA
10	1530	NA
10	1535	NA
10	1540	NA
10	1545	NA
10	1550	NA
10	1555	NA
10	1600	NA
10	1605	NA
10	1610	NA
10	1615	NA
10	1620	NA
10	1625	NA
10	1630	NA
10	1635	NA
10	1640	NA
10	1645	NA
10	1650	NA
10	1655	NA
10	1700	NA
10	1705	NA
10	1710	NA
10	1715	NA
10	1720	NA
10	1725	NA
10	1730	NA
10	1735	NA
10	1740	NA
10	1745	NA
10	1750	NA
10	1755	NA
10	1800	NA
10	1805	NA
10	1810	NA
10	1815	NA
10	1820	NA
10	1825	NA
10	1830	NA
10	1835	NA
10	1840	NA
10	1845	NA
10	1850	NA
10	1855	NA
10	1900	NA
10	1905	NA
10	1910	NA
10	1915	NA
10	1920	NA
10	1925	NA
10	1930	NA
10	1935	NA
10	1940	NA
10	1945	NA
10	1950	NA
10	1955	NA
10	2000	NA
10	2005	NA
10	2010	NA
10	2015	NA
10	2020	NA
10	2025	NA
10	2030	NA
10	2035	NA
10	2040	NA
10	2045	NA
10	2050	NA
10	2055	NA
10	2100	NA
10	2105	NA
10	2110	NA
10	2115	NA
10	2120	NA
10	2125	NA
10	2130	NA
10	2135	NA
10	2140	NA
10	2145	NA
10	2150	NA
10	2155	NA
10	2200	NA
10	2205	NA
10	2210	NA
10	2215	NA
10	2220	NA
10	2225	NA
10	2230	NA
10	2235	NA
10	2240	NA
10	2245	NA
10	2250	NA
10	2255	NA
10	2300	NA
10	2305	NA
10	2310	NA
10	2315	NA
10	2320	NA
10	2325	NA
10	2330	NA
10	2335	NA
10	2340	NA
10	2345	NA
10	2350	NA
10	2355	NA
11	0	0
11	5	0
11	10	0
11	15	4
11	20	0
11	25	0
11	30	0
11	35	0
11	40	0
11	45	0
11	50	0
11	55	0
11	100	0
11	105	0
11	110	4
11	115	0
11	120	0
11	125	0
11	130	0
11	135	0
11	140	0
11	145	0
11	150	0
11	155	0
11	200	0
11	205	0
11	210	0
11	215	0
11	220	0
11	225	0
11	230	0
11	235	0
11	240	0
11	245	0
11	250	0
11	255	0
11	300	0
11	305	0
11	310	0
11	315	0
11	320	0
11	325	0
11	330	0
11	335	0
11	340	0
11	345	0
11	350	0
11	355	0
11	400	0
11	405	0
11	410	0
11	415	0
11	420	0
11	425	0
11	430	0
11	435	0
11	440	69.5
11	445	7.5
11	450	0
11	455	0
11	500	0
11	505	0
11	510	0
11	515	0
11	520	0
11	525	0
11	530	0
11	535	0
11	540	0
11	545	0
11	550	0
11	555	5.5
11	600	0
11	605	5
11	610	20
11	615	0
11	620	0
11	625	16
11	630	17
11	635	52.5
11	640	16.5
11	645	4
11	650	8
11	655	9
11	700	0
11	705	26.5
11	710	0
11	715	0
11	720	17
11	725	23
11	730	17
11	735	25
11	740	0
11	745	7
11	750	43
11	755	39
11	800	21.5
11	805	99.5
11	810	373.5
11	815	461
11	820	242.5
11	825	411
11	830	248
11	835	373.5
11	840	398.5
11	845	403
11	850	399.5
11	855	104.5
11	900	274
11	905	171.5
11	910	36
11	915	13
11	920	54
11	925	19.5
11	930	2
11	935	0
11	940	0
11	945	0
11	950	0
11	955	0
11	1000	0
11	1005	0
11	1010	0
11	1015	0
11	1020	0
11	1025	0
11	1030	18
11	1035	12.5
11	1040	0
11	1045	14
11	1050	13
11	1055	19.5
11	1100	16.5
11	1105	16.5
11	1110	0
11	1115	0
11	1120	0
11	1125	3.5
11	1130	28
11	1135	0
11	1140	0
11	1145	0
11	1150	40.5
11	1155	85
11	1200	149
11	1205	259.5
11	1210	225
11	1215	253.5
11	1220	281
11	1225	247.5
11	1230	85
11	1235	141
11	1240	193.5
11	1245	116
11	1250	134.5
11	1255	209
11	1300	263.5
11	1305	232.5
11	1310	270
11	1315	208
11	1320	18.5
11	1325	7.5
11	1330	0
11	1335	3.5
11	1340	0
11	1345	13
11	1350	5
11	1355	30.5
11	1400	8
11	1405	0
11	1410	29
11	1415	0
11	1420	0
11	1425	0
11	1430	33
11	1435	38
11	1440	29.5
11	1445	13.5
11	1450	0
11	1455	80.5
11	1500	40
11	1505	0
11	1510	6.5
11	1515	0
11	1520	0
11	1525	0
11	1530	37.5
11	1535	59.5
11	1540	197.5
11	1545	48.5
11	1550	146
11	1555	208
11	1600	17.5
11	1605	0
11	1610	0
11	1615	13.5
11	1620	16
11	1625	3.5
11	1630	11
11	1635	0
11	1640	0
11	1645	0
11	1650	24.5
11	1655	28.5
11	1700	54
11	1705	0
11	1710	37.5
11	1715	0
11	1720	0
11	1725	14
11	1730	32
11	1735	15
11	1740	17.5
11	1745	57
11	1750	7
11	1755	26
11	1800	15
11	1805	20
11	1810	42
11	1815	19
11	1820	13.5
11	1825	0
11	1830	4
11	1835	11
11	1840	31
11	1845	55.5
11	1850	140.5
11	1855	241
11	1900	246.5
11	1905	250.5
11	1910	234.5
11	1915	176.5
11	1920	6.5
11	1925	14.5
11	1930	38
11	1935	18.5
11	1940	0
11	1945	0
11	1950	89.5
11	1955	25.5
11	2000	14.5
11	2005	11.5
11	2010	32
11	2015	0
11	2020	0
11	2025	0
11	2030	0
11	2035	0
11	2040	0
11	2045	0
11	2050	0
11	2055	0
11	2100	0
11	2105	0
11	2110	47.5
11	2115	0
11	2120	45.5
11	2125	25
11	2130	15.5
11	2135	6.5
11	2140	37
11	2145	0
11	2150	10
11	2155	5.5
11	2200	0
11	2205	0
11	2210	0
11	2215	0
11	2220	0
11	2225	0
11	2230	0
11	2235	0
11	2240	0
11	2245	0
11	2250	0
11	2255	0
11	2300	5.5
11	2305	0
11	2310	0
11	2315	0
11	2320	0
11	2325	2
11	2330	0
11	2335	0
11	2340	0
11	2345	0
11	2350	0
11	2355	0
12	0	0
12	5	0
12	10	0
12	15	0
12	20	0
12	25	0
12	30	0
12	35	0
12	40	0
12	45	0
12	50	0
12	55	0
12	100	0
12	105	0
12	110	0
12	115	0
12	120	0
12	125	0
12	130	19
12	135	0
12	140	0
12	145	0
12	150	0
12	155	0
12	200	0
12	205	0
12	210	0
12	215	0
12	220	0
12	225	0
12	230	0
12	235	0
12	240	0
12	245	0
12	250	3.5
12	255	0
12	300	0
12	305	0
12	310	0
12	315	0
12	320	0
12	325	0
12	330	0
12	335	0
12	340	0
12	345	0
12	350	0
12	355	0
12	400	0
12	405	0
12	410	0
12	415	0
12	420	0
12	425	0
12	430	24
12	435	0
12	440	0
12	445	0
12	450	0
12	455	0
12	500	0
12	505	0
12	510	0
12	515	0
12	520	0
12	525	0
12	530	0
12	535	0
12	540	15
12	545	46
12	550	0
12	555	5.5
12	600	0
12	605	5
12	610	9.5
12	615	55.5
12	620	19
12	625	8
12	630	14.5
12	635	4.5
12	640	22.5
12	645	27
12	650	54
12	655	21.5
12	700	18
12	705	30
12	710	59
12	715	16
12	720	28.5
12	725	17.5
12	730	58.5
12	735	58.5
12	740	12.5
12	745	47.5
12	750	14.5
12	755	70.5
12	800	25.5
12	805	61.5
12	810	220
12	815	343.5
12	820	315.5
12	825	253.5
12	830	545
12	835	638
12	840	648
12	845	616
12	850	630
12	855	645
12	900	670.5
12	905	408
12	910	284
12	915	268
12	920	249.5
12	925	137.5
12	930	74
12	935	4
12	940	0
12	945	3.5
12	950	46
12	955	0
12	1000	0
12	1005	0
12	1010	0
12	1015	0
12	1020	23
12	1025	3.5
12	1030	2.5
12	1035	178.5
12	1040	96.5
12	1045	27.5
12	1050	42.5
12	1055	14.5
12	1100	78
12	1105	182
12	1110	89
12	1115	0
12	1120	0
12	1125	0
12	1130	48.5
12	1135	17.5
12	1140	35.5
12	1145	7
12	1150	0
12	1155	0
12	1200	35
12	1205	0
12	1210	0
12	1215	0
12	1220	30.5
12	1225	0
12	1230	0
12	1235	21
12	1240	19
12	1245	57
12	1250	0
12	1255	0
12	1300	0
12	1305	37.5
12	1310	0
12	1315	0
12	1320	0
12	1325	0
12	1330	49.5
12	1335	0
12	1340	0
12	1345	0
12	1350	0
12	1355	48
12	1400	8
12	1405	10
12	1410	72
12	1415	160.5
12	1420	133.5
12	1425	0
12	1430	0
12	1435	0
12	1440	0
12	1445	0
12	1450	4.5
12	1455	0
12	1500	0
12	1505	12
12	1510	39
12	1515	0
12	1520	13
12	1525	17.5
12	1530	0
12	1535	0
12	1540	0
12	1545	182.5
12	1550	45
12	1555	216
12	1600	137.5
12	1605	17
12	1610	0
12	1615	46
12	1620	7.5
12	1625	0
12	1630	0
12	1635	0
12	1640	0
12	1645	10
12	1650	5
12	1655	4.5
12	1700	0
12	1705	0
12	1710	16
12	1715	12
12	1720	8.5
12	1725	19.5
12	1730	19
12	1735	23.5
12	1740	30
12	1745	39
12	1750	1
12	1755	10.5
12	1800	14
12	1805	234
12	1810	286
12	1815	341.5
12	1820	195
12	1825	318
12	1830	352
12	1835	482.5
12	1840	252.5
12	1845	269.5
12	1850	257
12	1855	268
12	1900	56
12	1905	15
12	1910	31
12	1915	9
12	1920	11.5
12	1925	7.5
12	1930	24.5
12	1935	0
12	1940	25.5
12	1945	43
12	1950	53
12	1955	0
12	2000	0
12	2005	0
12	2010	0
12	2015	0
12	2020	0
12	2025	0
12	2030	0
12	2035	0
12	2040	0
12	2045	9
12	2050	15
12	2055	11.5
12	2100	35
12	2105	56.5
12	2110	0
12	2115	0
12	2120	8.5
12	2125	21.5
12	2130	0
12	2135	0
12	2140	11
12	2145	0
12	2150	10.5
12	2155	5.5
12	2200	0
12	2205	0
12	2210	0
12	2215	4.5
12	2220	0
12	2225	0
12	2230	4
12	2235	0
12	2240	0
12	2245	0
12	2250	0
12	2255	0
12	2300	0
12	2305	0
12	2310	0
12	2315	0
12	2320	0
12	2325	0
12	2330	0
12	2335	0
12	2340	0
12	2345	0
12	2350	0
12	2355	0
13	0	0
13	5	0
13	10	0
13	15	0
13	20	0
13	25	0
13	30	0
13	35	0
13	40	0
13	45	0
13	50	0
13	55	0
13	100	0
13	105	0
13	110	0
13	115	0
13	120	0
13	125	0
13	130	0
13	135	0
13	140	0
13	145	0
13	150	0
13	155	0
13	200	0
13	205	0
13	210	0
13	215	0
13	220	0
13	225	0
13	230	0
13	235	0
13	240	0
13	245	0
13	250	0
13	255	0
13	300	0
13	305	0
13	310	0
13	315	0
13	320	0
13	325	0
13	330	0
13	335	0
13	340	5
13	345	0
13	350	0
13	355	0
13	400	0
13	405	0
13	410	0
13	415	0
13	420	0
13	425	0
13	430	12
13	435	14.5
13	440	0
13	445	4.5
13	450	16.5
13	455	0
13	500	0
13	505	0
13	510	0
13	515	0
13	520	0
13	525	0
13	530	0
13	535	0
13	540	0
13	545	0
13	550	0
13	555	19.5
13	600	0
13	605	0
13	610	0
13	615	27.5
13	620	0
13	625	0
13	630	18
13	635	51
13	640	13
13	645	19.5
13	650	67
13	655	46
13	700	16.5
13	705	18.5
13	710	49
13	715	39.5
13	720	82
13	725	65
13	730	26
13	735	16
13	740	4
13	745	50.5
13	750	0
13	755	15
13	800	57
13	805	0
13	810	14
13	815	0
13	820	40
13	825	127.5
13	830	48.5
13	835	41.5
13	840	124
13	845	256
13	850	271
13	855	132.5
13	900	9
13	905	256.5
13	910	251.5
13	915	239.5
13	920	249
13	925	354.5
13	930	443.5
13	935	269
13	940	89.5
13	945	135.5
13	950	129.5
13	955	0
13	1000	0
13	1005	0
13	1010	0
13	1015	92
13	1020	106
13	1025	91
13	1030	48
13	1035	0
13	1040	0
13	1045	11
13	1050	0
13	1055	52
13	1100	11
13	1105	0
13	1110	10
13	1115	40
13	1120	3
13	1125	39.5
13	1130	3
13	1135	39.5
13	1140	0
13	1145	0
13	1150	0
13	1155	0
13	1200	41.5
13	1205	37
13	1210	175.5
13	1215	436.5
13	1220	97.5
13	1225	158
13	1230	142
13	1235	0
13	1240	0
13	1245	40.5
13	1250	98
13	1255	28
13	1300	0
13	1305	3.5
13	1310	0
13	1315	0
13	1320	0
13	1325	0
13	1330	0
13	1335	5.5
13	1340	19
13	1345	69.5
13	1350	266
13	1355	259.5
13	1400	105
13	1405	145.5
13	1410	259
13	1415	269.5
13	1420	107
13	1425	49
13	1430	80.5
13	1435	0
13	1440	0
13	1445	0
13	1450	14
13	1455	117.5
13	1500	97
13	1505	0
13	1510	0
13	1515	94.5
13	1520	3.5
13	1525	24.5
13	1530	17
13	1535	15.5
13	1540	0
13	1545	9
13	1550	15.5
13	1555	7.5
13	1600	101.5
13	1605	173.5
13	1610	9
13	1615	23.5
13	1620	43
13	1625	55.5
13	1630	11
13	1635	0
13	1640	0
13	1645	35.5
13	1650	54.5
13	1655	0
13	1700	26
13	1705	0
13	1710	47
13	1715	42
13	1720	49
13	1725	36.5
13	1730	167
13	1735	94.5
13	1740	100.5
13	1745	0
13	1750	0
13	1755	10
13	1800	21.5
13	1805	11.5
13	1810	10.5
13	1815	47.5
13	1820	62.5
13	1825	1
13	1830	9.5
13	1835	22.5
13	1840	35
13	1845	28.5
13	1850	34
13	1855	22.5
13	1900	4.5
13	1905	14
13	1910	23
13	1915	4
13	1920	61
13	1925	32
13	1930	18
13	1935	0
13	1940	33.5
13	1945	14.5
13	1950	23
13	1955	0
13	2000	0
13	2005	0
13	2010	0
13	2015	18
13	2020	11
13	2025	0
13	2030	4.5
13	2035	0
13	2040	0
13	2045	0
13	2050	19
13	2055	64.5
13	2100	0
13	2105	0
13	2110	0
13	2115	0
13	2120	33.5
13	2125	0
13	2130	0
13	2135	0
13	2140	0
13	2145	0
13	2150	0
13	2155	0
13	2200	0
13	2205	0
13	2210	0
13	2215	0
13	2220	0
13	2225	0
13	2230	27.5
13	2235	0
13	2240	0
13	2245	0
13	2250	0
13	2255	0
13	2300	0
13	2305	0
13	2310	0
13	2315	0
13	2320	0
13	2325	0
13	2330	0
13	2335	0
13	2340	0
13	2345	0
13	2350	0
13	2355	0
14	0	NA
14	5	NA
14	10	NA
14	15	NA
14	20	NA
14	25	NA
14	30	NA
14	35	NA
14	40	NA
14	45	NA
14	50	NA
14	55	NA
14	100	NA
14	105	NA
14	110	NA
14	115	NA
14	120	NA
14	125	NA
14	130	NA
14	135	NA
14	140	NA
14	145	NA
14	150	NA
14	155	NA
14	200	NA
14	205	NA
14	210	NA
14	215	NA
14	220	NA
14	225	NA
14	230	NA
14	235	NA
14	240	NA
14	245	NA
14	250	NA
14	255	NA
14	300	NA
14	305	NA
14	310	NA
14	315	NA
14	320	NA
14	325	NA
14	330	NA
14	335	NA
14	340	NA
14	345	NA
14	350	NA
14	355	NA
14	400	NA
14	405	NA
14	410	NA
14	415	NA
14	420	NA
14	425	NA
14	430	NA
14	435	NA
14	440	NA
14	445	NA
14	450	NA
14	455	NA
14	500	NA
14	505	NA
14	510	NA
14	515	NA
14	520	NA
14	525	NA
14	530	NA
14	535	NA
14	540	NA
14	545	NA
14	550	NA
14	555	NA
14	600	NA
14	605	NA
14	610	NA
14	615	NA
14	620	NA
14	625	NA
14	630	NA
14	635	NA
14	640	NA
14	645	NA
14	650	NA
14	655	NA
14	700	NA
14	705	NA
14	710	NA
14	715	NA
14	720	NA
14	725	NA
14	730	NA
14	735	NA
14	740	NA
14	745	NA
14	750	NA
14	755	NA
14	800	NA
14	805	NA
14	810	NA
14	815	NA
14	820	NA
14	825	NA
14	830	NA
14	835	NA
14	840	NA
14	845	NA
14	850	NA
14	855	NA
14	900	NA
14	905	NA
14	910	NA
14	915	NA
14	920	NA
14	925	NA
14	930	NA
14	935	NA
14	940	NA
14	945	NA
14	950	NA
14	955	NA
14	1000	NA
14	1005	NA
14	1010	NA
14	1015	NA
14	1020	NA
14	1025	NA
14	1030	NA
14	1035	NA
14	1040	NA
14	1045	NA
14	1050	NA
14	1055	NA
14	1100	NA
14	1105	NA
14	1110	NA
14	1115	NA
14	1120	NA
14	1125	NA
14	1130	NA
14	1135	NA
14	1140	NA
14	1145	NA
14	1150	NA
14	1155	NA
14	1200	NA
14	1205	NA
14	1210	NA
14	1215	NA
14	1220	NA
14	1225	NA
14	1230	NA
14	1235	NA
14	1240	NA
14	1245	NA
14	1250	NA
14	1255	NA
14	1300	NA
14	1305	NA
14	1310	NA
14	1315	NA
14	1320	NA
14	1325	NA
14	1330	NA
14	1335	NA
14	1340	NA
14	1345	NA
14	1350	NA
14	1355	NA
14	1400	NA
14	1405	NA
14	1410	NA
14	1415	NA
14	1420	NA
14	1425	NA
14	1430	NA
14	1435	NA
14	1440	NA
14	1445	NA
14	1450	NA
14	1455	NA
14	1500	NA
14	1505	NA
14	1510	NA
14	1515	NA
14	1520	NA
14	1525	NA
14	1530	NA
14	1535	NA
14	1540	NA
14	1545	NA
14	1550	NA
14	1555	NA
14	1600	NA
14	1605	NA
14	1610	NA
14	1615	NA
14	1620	NA
14	1625	NA
14	1630	NA
14	1635	NA
14	1640	NA
14	1645	NA
14	1650	NA
14	1655	NA
14	1700	NA
14	1705	NA
14	1710	NA
14	1715	NA
14	1720	NA
14	1725	NA
14	1730	NA
14	1735	NA
14	1740	NA
14	1745	NA
14	1750	NA
14	1755	NA
14	1800	NA
14	1805	NA
14	1810	NA
14	1815	NA
14	1820	NA
14	1825	NA
14	1830	NA
14	1835	NA
14	1840	NA
14	1845	NA
14	1850	NA
14	1855	NA
14	1900	NA
14	1905	NA
14	1910	NA
14	1915	NA
14	1920	NA
14	1925	NA
14	1930	NA
14	1935	NA
14	1940	NA
14	1945	NA
14	1950	NA
14	1955	NA
14	2000	NA
14	2005	NA
14	2010	NA
14	2015	NA
14	2020	NA
14	2025	NA
14	2030	NA
14	2035	NA
14	2040	NA
14	2045	NA
14	2050	NA
14	2055	NA
14	2100	NA
14	2105	NA
14	2110	NA
14	2115	NA
14	2120	NA
14	2125	NA
14	2130	NA
14	2135	NA
14	2140	NA
14	2145	NA
14	2150	NA
14	2155	NA
14	2200	NA
14	2205	NA
14	2210	NA
14	2215	NA
14	2220	NA
14	2225	NA
14	2230	NA
14	2235	NA
14	2240	NA
14	2245	NA
14	2250	NA
14	2255	NA
14	2300	NA
14	2305	NA
14	2310	NA
14	2315	NA
14	2320	NA
14	2325	NA
14	2330	NA
14	2335	NA
14	2340	NA
14	2345	NA
14	2350	NA
14	2355	NA
15	0	0
15	5	0
15	10	0
15	15	0
15	20	0
15	25	17.5
15	30	0
15	35	0
15	40	0
15	45	0
15	50	0
15	55	0
15	100	0
15	105	0
15	110	0
15	115	0
15	120	0
15	125	0
15	130	0
15	135	0
15	140	0
15	145	0
15	150	0
15	155	0
15	200	0
15	205	0
15	210	0
15	215	0
15	220	0
15	225	0
15	230	0
15	235	0
15	240	0
15	245	0
15	250	0
15	255	0
15	300	0
15	305	0
15	310	0
15	315	0
15	320	0
15	325	16.5
15	330	4
15	335	0
15	340	8
15	345	0
15	350	0
15	355	0
15	400	0
15	405	5.5
15	410	12
15	415	0
15	420	0
15	425	0
15	430	0
15	435	0
15	440	0
15	445	0
15	450	0
15	455	0
15	500	0
15	505	0
15	510	0
15	515	0
15	520	0
15	525	0
15	530	0
15	535	0
15	540	0
15	545	0
15	550	0
15	555	0
15	600	5
15	605	0
15	610	0
15	615	0
15	620	27
15	625	0
15	630	10
15	635	0
15	640	45
15	645	0
15	650	3.5
15	655	0
15	700	27
15	705	10
15	710	0
15	715	0
15	720	0
15	725	32
15	730	12
15	735	0
15	740	34
15	745	21.5
15	750	21.5
15	755	40.5
15	800	17.5
15	805	66.5
15	810	49.5
15	815	11
15	820	37.5
15	825	36
15	830	112
15	835	393
15	840	157.5
15	845	132
15	850	390.5
15	855	378.5
15	900	366
15	905	343
15	910	296
15	915	59.5
15	920	63.5
15	925	10.5
15	930	17.5
15	935	0
15	940	0
15	945	39
15	950	1
15	955	0
15	1000	0
15	1005	0
15	1010	0
15	1015	0
15	1020	0
15	1025	0
15	1030	0
15	1035	0
15	1040	0
15	1045	0
15	1050	0
15	1055	0
15	1100	0
15	1105	0
15	1110	0
15	1115	0
15	1120	0
15	1125	0
15	1130	0
15	1135	19
15	1140	18.5
15	1145	96.5
15	1150	12.5
15	1155	0
15	1200	0
15	1205	0
15	1210	14.5
15	1215	35.5
15	1220	36.5
15	1225	4
15	1230	3
15	1235	19
15	1240	0
15	1245	0
15	1250	0
15	1255	0
15	1300	0
15	1305	0
15	1310	0
15	1315	0
15	1320	0
15	1325	0
15	1330	0
15	1335	0
15	1340	0
15	1345	0
15	1350	0
15	1355	0
15	1400	0
15	1405	0
15	1410	0
15	1415	0
15	1420	0
15	1425	0
15	1430	0
15	1435	0
15	1440	0
15	1445	0
15	1450	0
15	1455	0
15	1500	0
15	1505	32
15	1510	41
15	1515	0
15	1520	0
15	1525	2
15	1530	0
15	1535	0
15	1540	0
15	1545	0
15	1550	0
15	1555	9.5
15	1600	0
15	1605	0
15	1610	29
15	1615	47
15	1620	0
15	1625	0
15	1630	0
15	1635	0
15	1640	0
15	1645	0
15	1650	0
15	1655	0
15	1700	0
15	1705	0
15	1710	0
15	1715	0
15	1720	0
15	1725	0
15	1730	0
15	1735	0
15	1740	0
15	1745	2
15	1750	0
15	1755	0
15	1800	15
15	1805	0
15	1810	3.5
15	1815	0
15	1820	16
15	1825	27
15	1830	41.5
15	1835	0
15	1840	101.5
15	1845	290.5
15	1850	27.5
15	1855	155
15	1900	218.5
15	1905	0
15	1910	23
15	1915	0
15	1920	0
15	1925	25
15	1930	0
15	1935	0
15	1940	0
15	1945	0
15	1950	0
15	1955	0
15	2000	0
15	2005	0
15	2010	0
15	2015	32.5
15	2020	0
15	2025	0
15	2030	0
15	2035	0
15	2040	0
15	2045	0
15	2050	0
15	2055	0
15	2100	11
15	2105	4
15	2110	0
15	2115	4.5
15	2120	0
15	2125	0
15	2130	76
15	2135	203
15	2140	43
15	2145	0
15	2150	4
15	2155	8.5
15	2200	0
15	2205	0
15	2210	0
15	2215	0
15	2220	0
15	2225	0
15	2230	0
15	2235	0
15	2240	0
15	2245	0
15	2250	0
15	2255	0
15	2300	0
15	2305	8
15	2310	0
15	2315	0
15	2320	0
15	2325	0
15	2330	0
15	2335	0
15	2340	0
15	2345	0
15	2350	0
15	2355	0
16	0	0
16	5	0
16	10	0
16	15	0
16	20	0
16	25	0
16	30	0
16	35	0
16	40	0
16	45	0
16	50	0
16	55	0
16	100	0
16	105	0
16	110	0
16	115	0
16	120	0
16	125	0
16	130	0
16	135	0
16	140	2
16	145	0
16	150	0
16	155	0
16	200	0
16	205	0
16	210	0
16	215	0
16	220	0
16	225	0
16	230	0
16	235	6
16	240	0
16	245	0
16	250	0
16	255	0
16	300	0
16	305	0
16	310	0
16	315	0
16	320	0
16	325	0
16	330	0
16	335	0
16	340	0
16	345	0
16	350	0
16	355	0
16	400	0
16	405	0
16	410	0
16	415	0
16	420	0
16	425	0
16	430	0
16	435	0
16	440	0
16	445	0
16	450	0
16	455	0
16	500	0
16	505	0
16	510	6
16	515	0
16	520	0
16	525	0
16	530	0
16	535	0
16	540	0
16	545	0
16	550	6
16	555	0
16	600	0
16	605	8.5
16	610	0
16	615	0
16	620	0
16	625	0
16	630	29
16	635	89
16	640	7.5
16	645	27.5
16	650	27.5
16	655	41.5
16	700	14.5
16	705	28.5
16	710	6.5
16	715	19
16	720	83
16	725	32.5
16	730	43
16	735	29
16	740	67.5
16	745	59.5
16	750	0
16	755	40
16	800	73
16	805	44.5
16	810	158.5
16	815	379
16	820	375
16	825	360.5
16	830	348.5
16	835	371.5
16	840	377.5
16	845	368.5
16	850	247.5
16	855	192.5
16	900	18
16	905	15.5
16	910	35.5
16	915	0
16	920	28
16	925	57
16	930	31.5
16	935	46.5
16	940	19.5
16	945	19
16	950	0
16	955	0
16	1000	9
16	1005	11.5
16	1010	28
16	1015	216.5
16	1020	99
16	1025	241
16	1030	214.5
16	1035	86
16	1040	86.5
16	1045	12.5
16	1050	0
16	1055	23
16	1100	0
16	1105	0
16	1110	0
16	1115	0
16	1120	0
16	1125	0
16	1130	0
16	1135	11
16	1140	0
16	1145	0
16	1150	10.5
16	1155	215.5
16	1200	95
16	1205	165
16	1210	177.5
16	1215	0
16	1220	8
16	1225	46
16	1230	48
16	1235	0
16	1240	28
16	1245	100
16	1250	132
16	1255	223
16	1300	60
16	1305	0
16	1310	0
16	1315	0
16	1320	19
16	1325	60
16	1330	5.5
16	1335	28.5
16	1340	0
16	1345	0
16	1350	16.5
16	1355	96
16	1400	0
16	1405	0
16	1410	14
16	1415	20.5
16	1420	89.5
16	1425	71.5
16	1430	6.5
16	1435	34.5
16	1440	0
16	1445	0
16	1450	0
16	1455	0
16	1500	0
16	1505	105.5
16	1510	0
16	1515	84
16	1520	0
16	1525	4
16	1530	0
16	1535	0
16	1540	0
16	1545	0
16	1550	16.5
16	1555	13.5
16	1600	32
16	1605	24.5
16	1610	222
16	1615	60.5
16	1620	0
16	1625	0
16	1630	0
16	1635	3.5
16	1640	5
16	1645	0
16	1650	0
16	1655	0
16	1700	130
16	1705	273
16	1710	0
16	1715	7.5
16	1720	3.5
16	1725	10
16	1730	19
16	1735	34
16	1740	53
16	1745	8.5
16	1750	41.5
16	1755	12.5
16	1800	67
16	1805	21
16	1810	13
16	1815	9.5
16	1820	13.5
16	1825	6
16	1830	33
16	1835	75
16	1840	260.5
16	1845	167.5
16	1850	185
16	1855	284
16	1900	266.5
16	1905	213
16	1910	35
16	1915	60
16	1920	33
16	1925	27.5
16	1930	54.5
16	1935	9.5
16	1940	31.5
16	1945	19.5
16	1950	0
16	1955	0
16	2000	0
16	2005	0
16	2010	0
16	2015	0
16	2020	0
16	2025	0
16	2030	0
16	2035	0
16	2040	0
16	2045	0
16	2050	44
16	2055	42.5
16	2100	1
16	2105	8
16	2110	4
16	2115	0
16	2120	0
16	2125	0
16	2130	0
16	2135	0
16	2140	0
16	2145	0
16	2150	0
16	2155	0
16	2200	0
16	2205	0
16	2210	0
16	2215	0
16	2220	37
16	2225	0
16	2230	0
16	2235	0
16	2240	0
16	2245	0
16	2250	0
16	2255	0
16	2300	0
16	2305	0
16	2310	0
16	2315	0
16	2320	0
16	2325	0
16	2330	28
16	2335	0
16	2340	0
16	2345	0
16	2350	0
16	2355	0
17	0	0
17	5	0
17	10	0
17	15	0
17	20	0
17	25	0
17	30	0
17	35	0
17	40	0
17	45	36
17	50	4
17	55	0
17	100	8.5
17	105	0
17	110	0
17	115	0
17	120	0
17	125	0
17	130	0
17	135	0
17	140	0
17	145	0
17	150	0
17	155	0
17	200	0
17	205	0
17	210	0
17	215	0
17	220	0
17	225	0
17	230	0
17	235	0
17	240	0
17	245	0
17	250	0
17	255	0
17	300	0
17	305	0
17	310	0
17	315	0
17	320	0
17	325	0
17	330	0
17	335	4
17	340	0
17	345	2
17	350	0
17	355	0
17	400	2.5
17	405	0
17	410	0
17	415	0
17	420	0
17	425	0
17	430	21.5
17	435	0
17	440	0
17	445	0
17	450	0
17	455	0
17	500	0
17	505	4.5
17	510	19.5
17	515	0
17	520	0
17	525	0
17	530	0
17	535	0
17	540	0
17	545	0
17	550	0
17	555	0
17	600	0
17	605	0
17	610	0
17	615	4
17	620	21.5
17	625	0
17	630	0
17	635	0
17	640	16.5
17	645	0
17	650	8.5
17	655	15.5
17	700	22.5
17	705	11.5
17	710	17.5
17	715	0
17	720	18.5
17	725	63.5
17	730	3.5
17	735	5
17	740	0
17	745	13
17	750	33
17	755	37
17	800	270
17	805	182
17	810	172
17	815	326
17	820	340
17	825	340
17	830	372
17	835	360
17	840	350.5
17	845	133
17	850	0
17	855	51.5
17	900	344
17	905	81
17	910	53
17	915	85.5
17	920	24
17	925	0
17	930	0
17	935	0
17	940	0
17	945	10
17	950	0
17	955	0
17	1000	46
17	1005	0
17	1010	0
17	1015	0
17	1020	0
17	1025	8
17	1030	0
17	1035	0
17	1040	0
17	1045	0
17	1050	0
17	1055	71.5
17	1100	131
17	1105	59.5
17	1110	107
17	1115	205.5
17	1120	225
17	1125	3.5
17	1130	141.5
17	1135	85
17	1140	0
17	1145	0
17	1150	0
17	1155	19.5
17	1200	0
17	1205	0
17	1210	0
17	1215	0
17	1220	0
17	1225	71.5
17	1230	43
17	1235	0
17	1240	7.5
17	1245	0
17	1250	0
17	1255	0
17	1300	15
17	1305	0
17	1310	0
17	1315	4
17	1320	7
17	1325	245
17	1330	234
17	1335	123
17	1340	156
17	1345	138.5
17	1350	259
17	1355	267
17	1400	274.5
17	1405	235.5
17	1410	138.5
17	1415	0
17	1420	9
17	1425	0
17	1430	0
17	1435	0
17	1440	30.5
17	1445	11.5
17	1450	120.5
17	1455	32
17	1500	35
17	1505	0
17	1510	0
17	1515	5.5
17	1520	0
17	1525	40
17	1530	0
17	1535	0
17	1540	0
17	1545	0
17	1550	43
17	1555	24
17	1600	14
17	1605	0
17	1610	0
17	1615	9
17	1620	8
17	1625	0
17	1630	26
17	1635	23.5
17	1640	213.5
17	1645	319.5
17	1650	298.5
17	1655	252.5
17	1700	393.5
17	1705	368.5
17	1710	376.5
17	1715	398
17	1720	448
17	1725	564.5
17	1730	451.5
17	1735	52
17	1740	22.5
17	1745	28.5
17	1750	39.5
17	1755	5
17	1800	44.5
17	1805	49.5
17	1810	13
17	1815	70
17	1820	15.5
17	1825	30.5
17	1830	58.5
17	1835	8
17	1840	23
17	1845	46
17	1850	133.5
17	1855	278.5
17	1900	148.5
17	1905	188.5
17	1910	241.5
17	1915	164
17	1920	59
17	1925	28.5
17	1930	69.5
17	1935	0
17	1940	27.5
17	1945	0
17	1950	51
17	1955	42.5
17	2000	0
17	2005	0
17	2010	21
17	2015	0
17	2020	0
17	2025	0
17	2030	13
17	2035	0
17	2040	0
17	2045	0
17	2050	30
17	2055	37
17	2100	22.5
17	2105	44
17	2110	34
17	2115	3
17	2120	0
17	2125	0
17	2130	0
17	2135	0
17	2140	0
17	2145	4
17	2150	0
17	2155	0
17	2200	0
17	2205	0
17	2210	0
17	2215	0
17	2220	4
17	2225	0
17	2230	4
17	2235	0
17	2240	0
17	2245	0
17	2250	0
17	2255	0
17	2300	0
17	2305	0
17	2310	0
17	2315	0
17	2320	0
17	2325	0
17	2330	0
17	2335	0
17	2340	0
17	2345	0
17	2350	0
17	2355	14.5
18	0	0
18	5	0
18	10	0
18	15	0
18	20	0
18	25	5.5
18	30	0
18	35	0
18	40	0
18	45	0
18	50	0
18	55	0
18	100	0
18	105	0
18	110	0
18	115	0
18	120	0
18	125	0
18	130	21
18	135	0
18	140	0
18	145	0
18	150	0
18	155	0
18	200	0
18	205	0
18	210	0
18	215	0
18	220	0
18	225	0
18	230	0
18	235	0
18	240	0
18	245	0
18	250	0
18	255	0
18	300	0
18	305	0
18	310	0
18	315	0
18	320	0
18	325	0
18	330	0
18	335	6
18	340	0
18	345	0
18	350	0
18	355	0
18	400	0
18	405	0
18	410	0
18	415	0
18	420	4.5
18	425	0
18	430	0
18	435	0
18	440	0
18	445	0
18	450	34
18	455	0
18	500	0
18	505	0
18	510	0
18	515	0
18	520	0
18	525	4
18	530	0
18	535	0
18	540	0
18	545	0
18	550	0
18	555	5.5
18	600	0
18	605	0
18	610	0
18	615	10
18	620	0
18	625	32.5
18	630	11
18	635	0
18	640	0
18	645	16.5
18	650	16
18	655	40.5
18	700	31
18	705	0
18	710	6
18	715	34
18	720	0
18	725	0
18	730	57
18	735	10
18	740	0
18	745	0
18	750	0
18	755	17.5
18	800	93.5
18	805	92.5
18	810	359.5
18	815	379.5
18	820	447
18	825	390.5
18	830	316
18	835	455
18	840	369.5
18	845	360
18	850	342
18	855	184
18	900	33
18	905	63
18	910	39.5
18	915	24.5
18	920	6.5
18	925	8
18	930	0
18	935	23.5
18	940	0
18	945	0
18	950	0
18	955	0
18	1000	0
18	1005	0
18	1010	0
18	1015	0
18	1020	0
18	1025	0
18	1030	0
18	1035	0
18	1040	0
18	1045	0
18	1050	17.5
18	1055	86.5
18	1100	15
18	1105	5
18	1110	0
18	1115	0
18	1120	0
18	1125	0
18	1130	14.5
18	1135	23.5
18	1140	0
18	1145	0
18	1150	0
18	1155	13
18	1200	25.5
18	1205	85
18	1210	0
18	1215	96.5
18	1220	18.5
18	1225	0
18	1230	0
18	1235	0
18	1240	0
18	1245	0
18	1250	9.5
18	1255	0
18	1300	4
18	1305	103.5
18	1310	160.5
18	1315	202.5
18	1320	167.5
18	1325	155.5
18	1330	166
18	1335	4.5
18	1340	179
18	1345	28
18	1350	0
18	1355	47.5
18	1400	44.5
18	1405	0
18	1410	0
18	1415	34.5
18	1420	0
18	1425	0
18	1430	0
18	1435	31.5
18	1440	21.5
18	1445	36
18	1450	23
18	1455	2
18	1500	0
18	1505	0
18	1510	18
18	1515	0
18	1520	0
18	1525	0
18	1530	0
18	1535	103.5
18	1540	234
18	1545	231
18	1550	592.5
18	1555	460
18	1600	227.5
18	1605	393
18	1610	390.5
18	1615	385
18	1620	363
18	1625	374.5
18	1630	373
18	1635	392.5
18	1640	162.5
18	1645	31.5
18	1650	11
18	1655	0
18	1700	19.5
18	1705	0
18	1710	0
18	1715	0
18	1720	21
18	1725	40.5
18	1730	63
18	1735	6.5
18	1740	4
18	1745	98.5
18	1750	136.5
18	1755	16
18	1800	21
18	1805	169.5
18	1810	77
18	1815	84
18	1820	40
18	1825	66.5
18	1830	4
18	1835	4
18	1840	13
18	1845	10
18	1850	3.5
18	1855	10.5
18	1900	12
18	1905	172.5
18	1910	21
18	1915	42
18	1920	4
18	1925	25
18	1930	43
18	1935	23.5
18	1940	90.5
18	1945	13.5
18	1950	35
18	1955	8.5
18	2000	0
18	2005	32
18	2010	32
18	2015	0
18	2020	0
18	2025	0
18	2030	29
18	2035	41
18	2040	13.5
18	2045	17
18	2050	0
18	2055	19
18	2100	0
18	2105	0
18	2110	0
18	2115	0
18	2120	0
18	2125	11.5
18	2130	21.5
18	2135	0
18	2140	0
18	2145	0
18	2150	0
18	2155	0
18	2200	25
18	2205	0
18	2210	8.5
18	2215	2.5
18	2220	0
18	2225	0
18	2230	0
18	2235	0
18	2240	0
18	2245	0
18	2250	0
18	2255	0
18	2300	17.5
18	2305	0
18	2310	0
18	2315	0
18	2320	0
18	2325	0
18	2330	0
18	2335	0
18	2340	0
18	2345	0
18	2350	0
18	2355	0
19	0	0
19	5	0
19	10	0
19	15	0
19	20	0
19	25	0
19	30	0
19	35	0
19	40	0
19	45	0
19	50	4
19	55	0
19	100	0
19	105	0
19	110	0
19	115	0
19	120	0
19	125	0
19	130	0
19	135	0
19	140	0
19	145	0
19	150	0
19	155	0
19	200	0
19	205	0
19	210	0
19	215	0
19	220	0
19	225	0
19	230	0
19	235	0
19	240	0
19	245	0
19	250	0
19	255	0
19	300	0
19	305	0
19	310	0
19	315	0
19	320	0
19	325	0
19	330	0
19	335	0
19	340	0
19	345	0
19	350	0
19	355	0
19	400	0
19	405	0
19	410	0
19	415	0
19	420	4.5
19	425	0
19	430	0
19	435	0
19	440	0
19	445	0
19	450	2.5
19	455	3.5
19	500	0
19	505	0
19	510	0
19	515	0
19	520	0
19	525	0
19	530	0
19	535	0
19	540	0
19	545	0
19	550	0
19	555	0
19	600	0
19	605	0
19	610	10
19	615	0
19	620	0
19	625	18.5
19	630	16
19	635	0
19	640	92.5
19	645	27
19	650	166.5
19	655	341.5
19	700	217.5
19	705	359
19	710	369.5
19	715	369
19	720	404.5
19	725	378
19	730	279.5
19	735	35.5
19	740	364
19	745	215.5
19	750	30
19	755	16.5
19	800	60.5
19	805	13.5
19	810	110
19	815	6.5
19	820	38.5
19	825	79
19	830	26
19	835	22
19	840	28
19	845	6
19	850	0
19	855	0
19	900	7.5
19	905	0
19	910	47.5
19	915	255.5
19	920	104.5
19	925	19.5
19	930	15
19	935	0
19	940	0
19	945	105
19	950	54
19	955	0
19	1000	0
19	1005	0
19	1010	0
19	1015	0
19	1020	0
19	1025	0
19	1030	0
19	1035	0
19	1040	80
19	1045	26
19	1050	128.5
19	1055	19.5
19	1100	0
19	1105	23.5
19	1110	0
19	1115	0
19	1120	76
19	1125	181
19	1130	83.5
19	1135	145
19	1140	0
19	1145	0
19	1150	6
19	1155	15
19	1200	0
19	1205	67.5
19	1210	162
19	1215	26
19	1220	5.5
19	1225	130
19	1230	42
19	1235	5
19	1240	0
19	1245	38.5
19	1250	68.5
19	1255	0
19	1300	0
19	1305	10
19	1310	0
19	1315	0
19	1320	73
19	1325	214
19	1330	0
19	1335	0
19	1340	0
19	1345	75.5
19	1350	0
19	1355	37
19	1400	0
19	1405	0
19	1410	0
19	1415	0
19	1420	0
19	1425	0
19	1430	0
19	1435	0
19	1440	20.5
19	1445	0
19	1450	9.5
19	1455	0
19	1500	0
19	1505	0
19	1510	35.5
19	1515	64
19	1520	4.5
19	1525	69.5
19	1530	189.5
19	1535	122.5
19	1540	64
19	1545	49.5
19	1550	3.5
19	1555	31
19	1600	0
19	1605	129
19	1610	170
19	1615	55.5
19	1620	2
19	1625	38
19	1630	15
19	1635	38.5
19	1640	141
19	1645	259.5
19	1650	97
19	1655	207.5
19	1700	44
19	1705	0
19	1710	9.5
19	1715	0
19	1720	0
19	1725	0
19	1730	0
19	1735	0
19	1740	42.5
19	1745	0
19	1750	14
19	1755	35.5
19	1800	14
19	1805	9.5
19	1810	195.5
19	1815	247
19	1820	149.5
19	1825	256
19	1830	256
19	1835	50.5
19	1840	48
19	1845	8
19	1850	7.5
19	1855	17
19	1900	6.5
19	1905	42
19	1910	0
19	1915	17.5
19	1920	6
19	1925	0
19	1930	51.5
19	1935	78.5
19	1940	31
19	1945	0.5
19	1950	100
19	1955	100
19	2000	25.5
19	2005	29
19	2010	0
19	2015	0
19	2020	12
19	2025	17.5
19	2030	47
19	2035	0
19	2040	0
19	2045	0
19	2050	0
19	2055	0
19	2100	5
19	2105	0
19	2110	0
19	2115	0
19	2120	0
19	2125	0
19	2130	0
19	2135	0
19	2140	0
19	2145	0
19	2150	0
19	2155	0
19	2200	5
19	2205	15
19	2210	48.5
19	2215	0
19	2220	0
19	2225	10.5
19	2230	0
19	2235	0
19	2240	0
19	2245	0
19	2250	0
19	2255	0
19	2300	0
19	2305	0
19	2310	0
19	2315	0
19	2320	0
19	2325	0
19	2330	0
19	2335	0
19	2340	0
19	2345	0
19	2350	0
19	2355	4
20	0	0
20	5	0
20	10	0
20	15	0
20	20	0
20	25	0
20	30	0
20	35	0
20	40	0
20	45	3
20	50	0
20	55	0
20	100	0
20	105	0
20	110	0
20	115	0
20	120	0
20	125	0
20	130	0
20	135	0
20	140	0
20	145	0
20	150	0
20	155	0
20	200	0
20	205	0
20	210	0
20	215	0
20	220	0
20	225	0
20	230	0
20	235	0
20	240	0
20	245	0
20	250	0
20	255	0
20	300	0
20	305	0
20	310	0
20	315	0
20	320	0
20	325	0
20	330	0
20	335	0
20	340	0
20	345	0
20	350	0
20	355	0
20	400	0
20	405	0
20	410	25.5
20	415	0
20	420	0
20	425	0
20	430	0
20	435	0
20	440	0
20	445	0
20	450	0
20	455	4.5
20	500	0
20	505	0
20	510	0
20	515	0
20	520	0
20	525	26.5
20	530	0
20	535	0
20	540	0
20	545	0
20	550	0
20	555	3.5
20	600	0
20	605	0
20	610	0
20	615	36.5
20	620	3.5
20	625	0
20	630	0
20	635	2
20	640	0
20	645	0
20	650	0
20	655	0
20	700	0
20	705	0
20	710	0
20	715	0
20	720	0
20	725	0
20	730	0
20	735	0
20	740	0
20	745	0
20	750	0
20	755	28.5
20	800	94
20	805	0
20	810	0
20	815	0
20	820	0
20	825	0
20	830	0
20	835	0
20	840	17
20	845	0
20	850	0
20	855	250
20	900	101.5
20	905	65.5
20	910	95
20	915	30.5
20	920	0
20	925	0
20	930	12
20	935	24
20	940	82
20	945	0
20	950	76
20	955	10.5
20	1000	0
20	1005	0
20	1010	0
20	1015	0
20	1020	0
20	1025	0
20	1030	0
20	1035	0
20	1040	42.5
20	1045	15
20	1050	9
20	1055	23
20	1100	0
20	1105	6.5
20	1110	0
20	1115	0
20	1120	11
20	1125	5.5
20	1130	0
20	1135	53.5
20	1140	37.5
20	1145	77.5
20	1150	199.5
20	1155	65
20	1200	0
20	1205	4.5
20	1210	0
20	1215	64.5
20	1220	31.5
20	1225	66.5
20	1230	24.5
20	1235	6.5
20	1240	0
20	1245	0
20	1250	0
20	1255	128.5
20	1300	30
20	1305	0
20	1310	0
20	1315	0
20	1320	0
20	1325	9.5
20	1330	35.5
20	1335	90.5
20	1340	30
20	1345	38.5
20	1350	0
20	1355	0
20	1400	0
20	1405	0
20	1410	0
20	1415	22
20	1420	17.5
20	1425	22
20	1430	0
20	1435	68.5
20	1440	0
20	1445	0
20	1450	0
20	1455	6.5
20	1500	0
20	1505	0
20	1510	0
20	1515	0
20	1520	0
20	1525	0
20	1530	3.5
20	1535	0
20	1540	0
20	1545	0
20	1550	14
20	1555	43.5
20	1600	102
20	1605	0
20	1610	0
20	1615	16
20	1620	13
20	1625	0
20	1630	2.5
20	1635	15
20	1640	61
20	1645	46
20	1650	0
20	1655	9.5
20	1700	0
20	1705	24.5
20	1710	81.5
20	1715	183
20	1720	40
20	1725	0
20	1730	5.5
20	1735	0
20	1740	19
20	1745	0
20	1750	7.5
20	1755	0
20	1800	0
20	1805	76.5
20	1810	112.5
20	1815	15
20	1820	29
20	1825	0
20	1830	11.5
20	1835	19
20	1840	39
20	1845	6
20	1850	51.5
20	1855	20
20	1900	88.5
20	1905	84
20	1910	79.5
20	1915	40
20	1920	37
20	1925	39
20	1930	23
20	1935	26
20	1940	16
20	1945	254
20	1950	219.5
20	1955	307
20	2000	244.5
20	2005	264
20	2010	236.5
20	2015	258
20	2020	240
20	2025	266
20	2030	264.5
20	2035	264.5
20	2040	258.5
20	2045	244.5
20	2050	226.5
20	2055	28
20	2100	19
20	2105	26
20	2110	0
20	2115	0
20	2120	0
20	2125	0
20	2130	0
20	2135	11.5
20	2140	4.5
20	2145	0
20	2150	0
20	2155	0
20	2200	0
20	2205	0
20	2210	0
20	2215	0
20	2220	0
20	2225	12.5
20	2230	0
20	2235	0
20	2240	0
20	2245	0
20	2250	0
20	2255	0
20	2300	50
20	2305	0
20	2310	0
20	2315	0
20	2320	0
20	2325	0
20	2330	0
20	2335	0
20	2340	0
20	2345	0
20	2350	0
20	2355	0
21	0	0
21	5	0
21	10	0
21	15	0
21	20	0
21	25	0
21	30	0
21	35	0
21	40	0
21	45	0
21	50	0
21	55	0
21	100	0
21	105	0
21	110	0
21	115	0
21	120	0
21	125	0
21	130	0
21	135	0
21	140	0
21	145	0
21	150	0
21	155	0
21	200	0
21	205	0
21	210	0
21	215	0
21	220	0
21	225	0
21	230	0
21	235	0
21	240	0
21	245	0
21	250	0
21	255	0
21	300	0
21	305	0
21	310	0
21	315	0
21	320	0
21	325	0
21	330	0
21	335	0
21	340	0
21	345	0
21	350	0
21	355	0
21	400	29
21	405	0
21	410	0
21	415	0
21	420	0
21	425	0
21	430	0
21	435	0
21	440	0
21	445	0
21	450	0
21	455	4
21	500	0
21	505	0
21	510	0
21	515	17
21	520	0
21	525	0
21	530	0
21	535	0
21	540	0
21	545	0
21	550	0
21	555	0
21	600	0
21	605	0
21	610	9.5
21	615	37
21	620	0.5
21	625	5.5
21	630	0
21	635	24
21	640	12
21	645	8
21	650	30
21	655	19
21	700	19
21	705	49.5
21	710	83
21	715	175
21	720	26.5
21	725	32.5
21	730	19.5
21	735	62
21	740	18.5
21	745	49
21	750	138.5
21	755	251.5
21	800	346.5
21	805	261
21	810	209
21	815	339.5
21	820	380.5
21	825	370.5
21	830	395
21	835	384.5
21	840	372
21	845	93.5
21	850	17.5
21	855	367
21	900	134.5
21	905	15.5
21	910	7.5
21	915	0
21	920	37.5
21	925	28
21	930	84.5
21	935	55.5
21	940	0
21	945	0
21	950	0
21	955	22.5
21	1000	0
21	1005	0
21	1010	0
21	1015	0
21	1020	0
21	1025	0
21	1030	0
21	1035	0
21	1040	0
21	1045	0
21	1050	24.5
21	1055	8.5
21	1100	49
21	1105	61
21	1110	17.5
21	1115	29.5
21	1120	89.5
21	1125	101.5
21	1130	58.5
21	1135	0
21	1140	21.5
21	1145	3
21	1150	45.5
21	1155	44
21	1200	30.5
21	1205	32
21	1210	9
21	1215	0
21	1220	0
21	1225	14
21	1230	40.5
21	1235	57
21	1240	0
21	1245	23
21	1250	92
21	1255	3.5
21	1300	0
21	1305	0
21	1310	0
21	1315	0
21	1320	18
21	1325	0
21	1330	0
21	1335	0
21	1340	0
21	1345	9
21	1350	7
21	1355	154.5
21	1400	59.5
21	1405	0
21	1410	0
21	1415	0
21	1420	0
21	1425	0
21	1430	39.5
21	1435	11
21	1440	4
21	1445	94
21	1450	180.5
21	1455	0
21	1500	9.5
21	1505	173.5
21	1510	240
21	1515	192
21	1520	215
21	1525	250.5
21	1530	137
21	1535	130
21	1540	7
21	1545	0
21	1550	0
21	1555	0
21	1600	15
21	1605	3.5
21	1610	0
21	1615	0
21	1620	0
21	1625	0
21	1630	8
21	1635	0
21	1640	0
21	1645	0
21	1650	37
21	1655	39.5
21	1700	70
21	1705	3.5
21	1710	7.5
21	1715	71
21	1720	156
21	1725	281.5
21	1730	240.5
21	1735	214
21	1740	276.5
21	1745	198.5
21	1750	0
21	1755	33
21	1800	0
21	1805	19.5
21	1810	10.5
21	1815	47
21	1820	12
21	1825	16.5
21	1830	0
21	1835	24
21	1840	18.5
21	1845	50.5
21	1850	4
21	1855	0
21	1900	32.5
21	1905	19
21	1910	0
21	1915	0
21	1920	0
21	1925	0
21	1930	0
21	1935	0
21	1940	0
21	1945	0
21	1950	0
21	1955	3
21	2000	6
21	2005	109.5
21	2010	53.5
21	2015	238.5
21	2020	250.5
21	2025	227
21	2030	92
21	2035	10
21	2040	43.5
21	2045	9
21	2050	7.5
21	2055	0
21	2100	12
21	2105	0
21	2110	0
21	2115	0
21	2120	0
21	2125	0
21	2130	0
21	2135	0
21	2140	0
21	2145	0
21	2150	0
21	2155	0
21	2200	0
21	2205	0
21	2210	0
21	2215	0
21	2220	0
21	2225	0
21	2230	0
21	2235	0
21	2240	0
21	2245	0
21	2250	0
21	2255	0
21	2300	0
21	2305	0
21	2310	0
21	2315	0
21	2320	0
21	2325	4.5
21	2330	0
21	2335	0
21	2340	0
21	2345	0
21	2350	0
21	2355	0
22	0	5
22	5	0
22	10	0
22	15	0
22	20	0
22	25	0
22	30	0
22	35	0
22	40	0
22	45	0
22	50	0
22	55	0
22	100	0
22	105	0
22	110	0
22	115	0
22	120	0
22	125	0
22	130	0
22	135	0
22	140	0
22	145	0
22	150	0
22	155	0
22	200	0
22	205	0
22	210	0
22	215	0
22	220	0
22	225	0
22	230	0
22	235	0
22	240	0
22	245	0
22	250	19
22	255	0
22	300	0
22	305	0
22	310	0
22	315	0
22	320	0
22	325	0
22	330	19
22	335	0
22	340	0
22	345	0
22	350	0
22	355	0
22	400	0
22	405	0
22	410	0
22	415	0
22	420	0
22	425	0
22	430	0
22	435	0
22	440	0
22	445	0
22	450	0
22	455	0
22	500	0
22	505	0
22	510	0
22	515	0
22	520	0
22	525	0
22	530	6.5
22	535	0
22	540	0
22	545	0
22	550	0
22	555	35
22	600	9.5
22	605	0
22	610	0
22	615	16
22	620	51
22	625	0
22	630	0
22	635	0
22	640	42
22	645	4.5
22	650	56
22	655	75
22	700	0
22	705	7
22	710	38.5
22	715	18
22	720	41.5
22	725	20.5
22	730	10
22	735	0
22	740	7.5
22	745	35
22	750	37
22	755	15
22	800	27.5
22	805	103
22	810	80.5
22	815	6.5
22	820	134
22	825	4
22	830	79
22	835	51.5
22	840	214
22	845	196.5
22	850	270.5
22	855	264
22	900	285
22	905	258
22	910	261.5
22	915	234.5
22	920	267.5
22	925	542
22	930	51
22	935	0
22	940	0
22	945	26.5
22	950	79
22	955	0
22	1000	0
22	1005	0
22	1010	0
22	1015	0
22	1020	0
22	1025	8
22	1030	28
22	1035	0
22	1040	0
22	1045	21.5
22	1050	20
22	1055	71.5
22	1100	148.5
22	1105	155
22	1110	61.5
22	1115	88.5
22	1120	75.5
22	1125	79.5
22	1130	266
22	1135	364.5
22	1140	399
22	1145	396.5
22	1150	427
22	1155	427
22	1200	170.5
22	1205	64
22	1210	42.5
22	1215	249.5
22	1220	84
22	1225	103.5
22	1230	259.5
22	1235	3.5
22	1240	4
22	1245	54.5
22	1250	0
22	1255	0
22	1300	0
22	1305	0
22	1310	0
22	1315	0
22	1320	0
22	1325	0
22	1330	11
22	1335	0
22	1340	0
22	1345	0
22	1350	25.5
22	1355	0
22	1400	10.5
22	1405	17.5
22	1410	0
22	1415	12.5
22	1420	13
22	1425	43
22	1430	32
22	1435	11
22	1440	0
22	1445	19.5
22	1450	7.5
22	1455	20.5
22	1500	0
22	1505	0
22	1510	0
22	1515	0
22	1520	0
22	1525	0
22	1530	0
22	1535	145.5
22	1540	260
22	1545	266
22	1550	252
22	1555	252
22	1600	266.5
22	1605	261
22	1610	273
22	1615	273
22	1620	270.5
22	1625	273
22	1630	255
22	1635	234
22	1640	246.5
22	1645	255.5
22	1650	71
22	1655	22.5
22	1700	21
22	1705	35.5
22	1710	40.5
22	1715	79.5
22	1720	180.5
22	1725	237
22	1730	137.5
22	1735	205.5
22	1740	201.5
22	1745	240
22	1750	236
22	1755	243.5
22	1800	13.5
22	1805	5
22	1810	23
22	1815	27
22	1820	28
22	1825	0
22	1830	16.5
22	1835	38
22	1840	73
22	1845	217.5
22	1850	302
22	1855	256.5
22	1900	219.5
22	1905	242
22	1910	197
22	1915	54.5
22	1920	32.5
22	1925	12
22	1930	125
22	1935	283.5
22	1940	68
22	1945	16.5
22	1950	0
22	1955	23.5
22	2000	11.5
22	2005	0
22	2010	4
22	2015	18
22	2020	0
22	2025	0
22	2030	0
22	2035	0
22	2040	19
22	2045	0
22	2050	0
22	2055	0
22	2100	0
22	2105	0
22	2110	0
22	2115	0
22	2120	0
22	2125	0
22	2130	0
22	2135	0
22	2140	0
22	2145	0
22	2150	0
22	2155	0
22	2200	0
22	2205	0
22	2210	0
22	2215	38.5
22	2220	87
22	2225	194.5
22	2230	198
22	2235	31
22	2240	0
22	2245	3
22	2250	29
22	2255	0
22	2300	0
22	2305	0
22	2310	0
22	2315	0
22	2320	0
22	2325	0
22	2330	0
22	2335	0
22	2340	0
22	2345	0
22	2350	0
22	2355	0
23	0	0
23	5	0
23	10	0
23	15	0
23	20	2
23	25	0
23	30	0
23	35	0
23	40	0
23	45	0
23	50	0
23	55	0
23	100	0
23	105	0
23	110	0
23	115	0
23	120	0
23	125	0
23	130	0
23	135	0
23	140	2.5
23	145	0
23	150	0
23	155	0
23	200	0
23	205	0
23	210	0
23	215	0
23	220	0
23	225	0
23	230	0
23	235	0
23	240	0
23	245	0
23	250	5
23	255	0
23	300	0
23	305	0
23	310	0
23	315	0
23	320	0
23	325	0
23	330	0
23	335	0
23	340	0
23	345	0
23	350	0
23	355	0
23	400	0
23	405	0
23	410	0
23	415	0
23	420	0
23	425	0
23	430	0
23	435	0
23	440	0
23	445	0
23	450	0
23	455	0
23	500	0
23	505	0
23	510	0
23	515	0
23	520	0
23	525	0
23	530	0
23	535	0
23	540	0
23	545	0
23	550	0
23	555	0
23	600	3.5
23	605	0
23	610	0
23	615	0
23	620	0
23	625	0
23	630	0
23	635	0
23	640	0
23	645	0
23	650	5
23	655	6
23	700	19
23	705	0
23	710	13.5
23	715	9
23	720	28
23	725	6
23	730	48
23	735	3.5
23	740	13.5
23	745	2
23	750	20
23	755	42
23	800	0
23	805	95
23	810	39.5
23	815	7.5
23	820	0
23	825	0
23	830	9.5
23	835	0
23	840	14
23	845	10
23	850	0
23	855	31
23	900	200
23	905	94.5
23	910	4.5
23	915	96
23	920	21
23	925	0
23	930	0
23	935	0
23	940	0
23	945	13.5
23	950	35
23	955	0
23	1000	0
23	1005	0
23	1010	0
23	1015	0
23	1020	0
23	1025	48.5
23	1030	8.5
23	1035	0
23	1040	0
23	1045	0
23	1050	0
23	1055	0
23	1100	137.5
23	1105	91
23	1110	4
23	1115	33
23	1120	0
23	1125	27.5
23	1130	45.5
23	1135	74.5
23	1140	10
23	1145	13.5
23	1150	15
23	1155	107.5
23	1200	249.5
23	1205	32
23	1210	188
23	1215	104.5
23	1220	0
23	1225	0
23	1230	31
23	1235	153
23	1240	217.5
23	1245	260.5
23	1250	259
23	1255	439.5
23	1300	245.5
23	1305	283
23	1310	197.5
23	1315	202
23	1320	171.5
23	1325	87
23	1330	170.5
23	1335	140.5
23	1340	244.5
23	1345	231.5
23	1350	261.5
23	1355	274.5
23	1400	235.5
23	1405	291
23	1410	108
23	1415	17
23	1420	4.5
23	1425	25
23	1430	59.5
23	1435	8
23	1440	72.5
23	1445	31.5
23	1450	264.5
23	1455	331
23	1500	343
23	1505	261.5
23	1510	355
23	1515	371
23	1520	449.5
23	1525	400
23	1530	435
23	1535	379
23	1540	402.5
23	1545	379
23	1550	122.5
23	1555	11.5
23	1600	77
23	1605	17.5
23	1610	11
23	1615	0
23	1620	0
23	1625	0
23	1630	0
23	1635	0
23	1640	9.5
23	1645	8
23	1650	27
23	1655	72.5
23	1700	17
23	1705	0
23	1710	4
23	1715	84.5
23	1720	15.5
23	1725	28
23	1730	140
23	1735	287.5
23	1740	205.5
23	1745	0
23	1750	0
23	1755	77
23	1800	0
23	1805	0
23	1810	0
23	1815	6
23	1820	147
23	1825	198
23	1830	223
23	1835	217.5
23	1840	217
23	1845	231
23	1850	126
23	1855	11.5
23	1900	8
23	1905	0
23	1910	5
23	1915	15.5
23	1920	35.5
23	1925	0
23	1930	16.5
23	1935	240
23	1940	241
23	1945	73
23	1950	266
23	1955	112.5
23	2000	0
23	2005	0
23	2010	23
23	2015	3.5
23	2020	22
23	2025	9.5
23	2030	0
23	2035	8.5
23	2040	30.5
23	2045	0
23	2050	0
23	2055	0
23	2100	0
23	2105	0
23	2110	74.5
23	2115	43
23	2120	0
23	2125	0
23	2130	0
23	2135	0
23	2140	0
23	2145	0
23	2150	0
23	2155	0
23	2200	0
23	2205	0
23	2210	0
23	2215	0
23	2220	9
23	2225	0
23	2230	13
23	2235	27.5
23	2240	0
23	2245	0
23	2250	0
23	2255	0
23	2300	3.5
23	2305	0
23	2310	0
23	2315	0
23	2320	0
23	2325	0
23	2330	0
23	2335	0
23	2340	0
23	2345	0
23	2350	0
23	2355	0
24	0	0
24	5	0
24	10	0
24	15	0
24	20	0
24	25	0
24	30	0
24	35	0
24	40	0
24	45	0
24	50	0
24	55	0
24	100	0
24	105	0
24	110	0
24	115	0
24	120	0
24	125	0
24	130	0
24	135	0
24	140	0
24	145	0
24	150	0
24	155	0
24	200	0
24	205	0
24	210	0
24	215	0
24	220	0
24	225	0
24	230	0
24	235	0
24	240	0
24	245	0
24	250	0
24	255	0
24	300	0
24	305	0
24	310	0
24	315	0
24	320	0
24	325	0
24	330	0
24	335	0
24	340	0
24	345	0
24	350	0
24	355	0
24	400	0
24	405	0
24	410	0
24	415	0
24	420	0
24	425	0
24	430	0
24	435	0
24	440	0
24	445	0
24	450	0
24	455	0
24	500	0
24	505	0
24	510	0
24	515	0
24	520	0
24	525	0
24	530	0
24	535	0
24	540	0
24	545	9
24	550	22
24	555	3
24	600	0
24	605	0
24	610	0
24	615	0
24	620	0
24	625	0
24	630	0
24	635	0
24	640	0
24	645	0
24	650	0
24	655	41.5
24	700	0
24	705	16
24	710	9
24	715	0
24	720	30
24	725	0
24	730	0
24	735	0
24	740	52.5
24	745	14.5
24	750	7.5
24	755	24.5
24	800	21.5
24	805	2
24	810	55.5
24	815	14
24	820	23
24	825	42.5
24	830	0
24	835	126.5
24	840	69.5
24	845	56
24	850	0
24	855	27.5
24	900	0
24	905	0
24	910	45
24	915	9
24	920	0
24	925	34.5
24	930	30
24	935	8
24	940	0
24	945	0
24	950	7
24	955	0
24	1000	0
24	1005	0
24	1010	17
24	1015	28.5
24	1020	68.5
24	1025	161.5
24	1030	143
24	1035	0
24	1040	0
24	1045	85.5
24	1050	86.5
24	1055	42
24	1100	2.5
24	1105	0
24	1110	0
24	1115	0
24	1120	0
24	1125	0
24	1130	0
24	1135	0
24	1140	0
24	1145	0
24	1150	3.5
24	1155	0
24	1200	0
24	1205	62
24	1210	67.5
24	1215	20
24	1220	19
24	1225	0
24	1230	8.5
24	1235	16
24	1240	0
24	1245	0
24	1250	3.5
24	1255	130.5
24	1300	0
24	1305	0
24	1310	0
24	1315	0
24	1320	4
24	1325	0
24	1330	0
24	1335	0
24	1340	0
24	1345	19.5
24	1350	15.5
24	1355	28.5
24	1400	7.5
24	1405	46
24	1410	102
24	1415	5
24	1420	202
24	1425	387.5
24	1430	325.5
24	1435	187
24	1440	84
24	1445	64.5
24	1450	96
24	1455	180
24	1500	9
24	1505	38.5
24	1510	24.5
24	1515	34.5
24	1520	31
24	1525	61
24	1530	204.5
24	1535	422.5
24	1540	325
24	1545	339
24	1550	632.5
24	1555	414
24	1600	392.5
24	1605	384
24	1610	382.5
24	1615	388.5
24	1620	389.5
24	1625	377.5
24	1630	86
24	1635	0
24	1640	31.5
24	1645	29
24	1650	44
24	1655	58.5
24	1700	15
24	1705	4
24	1710	17.5
24	1715	31.5
24	1720	34
24	1725	57.5
24	1730	0
24	1735	20.5
24	1740	34
24	1745	0
24	1750	4.5
24	1755	72
24	1800	167.5
24	1805	114.5
24	1810	158.5
24	1815	155.5
24	1820	0
24	1825	26.5
24	1830	103
24	1835	35
24	1840	46.5
24	1845	214
24	1850	262
24	1855	224
24	1900	266.5
24	1905	161.5
24	1910	34.5
24	1915	31
24	1920	61.5
24	1925	42
24	1930	0
24	1935	0
24	1940	24
24	1945	0
24	1950	19
24	1955	0
24	2000	20
24	2005	7.5
24	2010	0
24	2015	18.5
24	2020	0
24	2025	0
24	2030	0
24	2035	0
24	2040	0
24	2045	0
24	2050	0
24	2055	0
24	2100	0
24	2105	28.5
24	2110	35
24	2115	88.5
24	2120	38
24	2125	23
24	2130	41.5
24	2135	0
24	2140	0
24	2145	0
24	2150	0
24	2155	0
24	2200	0
24	2205	0
24	2210	0
24	2215	31
24	2220	0
24	2225	0
24	2230	0
24	2235	0
24	2240	0
24	2245	0
24	2250	0
24	2255	0
24	2300	0
24	2305	0
24	2310	0
24	2315	0
24	2320	0
24	2325	0
24	2330	13.5
24	2335	13.5
24	2340	0
24	2345	0
24	2350	0
24	2355	0
25	0	0
25	5	0
25	10	0
25	15	0
25	20	0
25	25	0
25	30	0
25	35	23
25	40	0
25	45	0
25	50	0
25	55	0
25	100	0
25	105	0
25	110	0
25	115	0
25	120	0
25	125	29.5
25	130	4.5
25	135	0
25	140	0
25	145	0
25	150	0
25	155	0
25	200	0
25	205	0
25	210	0
25	215	0
25	220	0
25	225	0
25	230	0
25	235	0
25	240	0
25	245	0
25	250	0
25	255	0
25	300	0
25	305	0
25	310	0
25	315	0
25	320	0
25	325	0
25	330	0
25	335	0
25	340	0
25	345	0
25	350	0
25	355	0
25	400	0
25	405	0
25	410	0
25	415	0
25	420	0
25	425	0
25	430	0
25	435	0
25	440	0
25	445	0
25	450	0
25	455	0
25	500	0
25	505	0
25	510	0
25	515	0
25	520	0
25	525	0
25	530	0
25	535	0
25	540	0
25	545	0
25	550	0
25	555	0
25	600	0
25	605	0
25	610	0
25	615	0
25	620	0
25	625	0
25	630	0
25	635	0
25	640	0
25	645	42.5
25	650	11
25	655	0
25	700	33.5
25	705	14.5
25	710	8.5
25	715	0
25	720	0
25	725	0
25	730	0
25	735	0
25	740	52.5
25	745	82
25	750	110
25	755	25.5
25	800	16
25	805	12
25	810	48.5
25	815	35
25	820	92.5
25	825	13
25	830	18.5
25	835	0
25	840	2
25	845	0
25	850	9.5
25	855	54
25	900	31
25	905	0
25	910	24.5
25	915	95
25	920	0
25	925	0
25	930	0
25	935	0
25	940	0
25	945	0
25	950	0
25	955	0
25	1000	0
25	1005	0
25	1010	0
25	1015	0
25	1020	10
25	1025	246
25	1030	188.5
25	1035	275.5
25	1040	182
25	1045	180.5
25	1050	165.5
25	1055	166
25	1100	146.5
25	1105	160
25	1110	176
25	1115	137.5
25	1120	185.5
25	1125	48.5
25	1130	81.5
25	1135	122
25	1140	59.5
25	1145	88
25	1150	41.5
25	1155	185.5
25	1200	194
25	1205	229
25	1210	228
25	1215	178
25	1220	0
25	1225	0
25	1230	0
25	1235	0
25	1240	0
25	1245	0
25	1250	0
25	1255	0
25	1300	0
25	1305	0
25	1310	0
25	1315	0
25	1320	51.5
25	1325	53
25	1330	37
25	1335	16.5
25	1340	172.5
25	1345	209.5
25	1350	42.5
25	1355	0
25	1400	0
25	1405	0
25	1410	0
25	1415	10
25	1420	0
25	1425	0
25	1430	0
25	1435	0
25	1440	0
25	1445	32.5
25	1450	0
25	1455	0
25	1500	0
25	1505	30
25	1510	0
25	1515	49
25	1520	0
25	1525	33
25	1530	0
25	1535	0
25	1540	0
25	1545	0
25	1550	0
25	1555	0
25	1600	0
25	1605	0
25	1610	0
25	1615	0
25	1620	15.5
25	1625	12.5
25	1630	15.5
25	1635	0
25	1640	31
25	1645	17
25	1650	95
25	1655	128
25	1700	139.5
25	1705	23
25	1710	0
25	1715	11
25	1720	25.5
25	1725	3.5
25	1730	9
25	1735	0
25	1740	0
25	1745	10.5
25	1750	0
25	1755	5
25	1800	32.5
25	1805	27.5
25	1810	46
25	1815	13.5
25	1820	22.5
25	1825	0
25	1830	41.5
25	1835	4
25	1840	40.5
25	1845	43.5
25	1850	28.5
25	1855	22.5
25	1900	82
25	1905	14
25	1910	4.5
25	1915	35.5
25	1920	10
25	1925	26
25	1930	9
25	1935	0
25	1940	0
25	1945	27
25	1950	221.5
25	1955	199.5
25	2000	11
25	2005	0
25	2010	0
25	2015	20.5
25	2020	0
25	2025	0
25	2030	34
25	2035	0
25	2040	0
25	2045	0
25	2050	0
25	2055	0
25	2100	0
25	2105	0
25	2110	0
25	2115	0
25	2120	0
25	2125	23.5
25	2130	0
25	2135	0
25	2140	0
25	2145	0
25	2150	0
25	2155	0
25	2200	8.5
25	2205	9
25	2210	0
25	2215	0
25	2220	0
25	2225	0
25	2230	0
25	2235	0
25	2240	0
25	2245	0
25	2250	0
25	2255	0
25	2300	0
25	2305	50.5
25	2310	0
25	2315	12
25	2320	25.5
25	2325	8
25	2330	8.5
25	2335	88
25	2340	55.5
25	2345	13
25	2350	2
25	2355	0
26	0	0
26	5	0
26	10	0
26	15	0
26	20	0
26	25	0
26	30	0
26	35	0
26	40	0
26	45	0
26	50	0
26	55	0
26	100	0
26	105	0
26	110	0
26	115	9
26	120	0
26	125	0
26	130	0
26	135	0
26	140	0
26	145	0
26	150	0
26	155	0
26	200	0
26	205	0
26	210	0
26	215	0
26	220	0
26	225	0
26	230	0
26	235	0
26	240	0
26	245	0
26	250	0
26	255	0
26	300	0
26	305	0
26	310	0
26	315	0
26	320	0
26	325	0
26	330	0
26	335	0
26	340	0
26	345	0
26	350	0
26	355	0
26	400	0
26	405	0
26	410	0
26	415	0
26	420	0
26	425	0
26	430	0
26	435	3
26	440	5
26	445	10
26	450	7
26	455	9.5
26	500	0
26	505	6.5
26	510	50.5
26	515	33.5
26	520	56.5
26	525	0
26	530	17.5
26	535	20
26	540	13.5
26	545	32
26	550	354.5
26	555	146.5
26	600	73
26	605	318
26	610	340
26	615	333.5
26	620	326
26	625	329.5
26	630	358
26	635	206.5
26	640	241.5
26	645	237
26	650	32.5
26	655	43.5
26	700	15.5
26	705	7
26	710	28
26	715	15.5
26	720	0
26	725	8.5
26	730	7.5
26	735	0
26	740	93
26	745	117
26	750	76.5
26	755	124
26	800	50
26	805	40.5
26	810	26
26	815	12.5
26	820	37.5
26	825	37
26	830	7.5
26	835	19.5
26	840	23.5
26	845	144.5
26	850	220
26	855	28
26	900	102
26	905	83.5
26	910	39
26	915	7
26	920	0
26	925	0
26	930	0
26	935	0
26	940	0
26	945	0
26	950	0
26	955	0
26	1000	0
26	1005	0
26	1010	0
26	1015	33.5
26	1020	11
26	1025	0
26	1030	4.5
26	1035	5.5
26	1040	31
26	1045	78.5
26	1050	98.5
26	1055	155.5
26	1100	14
26	1105	16
26	1110	4
26	1115	25
26	1120	38
26	1125	38
26	1130	67
26	1135	200.5
26	1140	132.5
26	1145	67.5
26	1150	187
26	1155	99.5
26	1200	133.5
26	1205	202
26	1210	73.5
26	1215	150.5
26	1220	0
26	1225	0
26	1230	0
26	1235	10.5
26	1240	21.5
26	1245	0
26	1250	0
26	1255	0
26	1300	0
26	1305	0
26	1310	29
26	1315	5.5
26	1320	0
26	1325	0
26	1330	65.5
26	1335	40
26	1340	19.5
26	1345	0
26	1350	38.5
26	1355	55.5
26	1400	206
26	1405	97
26	1410	0
26	1415	7.5
26	1420	8.5
26	1425	0
26	1430	11
26	1435	0
26	1440	0
26	1445	121
26	1450	74
26	1455	29
26	1500	55
26	1505	19.5
26	1510	0
26	1515	15.5
26	1520	52.5
26	1525	0
26	1530	0
26	1535	0
26	1540	0
26	1545	0
26	1550	0
26	1555	0
26	1600	0
26	1605	9.5
26	1610	0
26	1615	0
26	1620	0
26	1625	0
26	1630	0
26	1635	0
26	1640	0
26	1645	0
26	1650	0
26	1655	0
26	1700	0
26	1705	0
26	1710	0
26	1715	0
26	1720	0
26	1725	0
26	1730	12.5
26	1735	0
26	1740	0
26	1745	0
26	1750	0
26	1755	14.5
26	1800	13
26	1805	19
26	1810	40.5
26	1815	9.5
26	1820	41
26	1825	4.5
26	1830	0
26	1835	128.5
26	1840	73
26	1845	217
26	1850	48
26	1855	55
26	1900	66.5
26	1905	43.5
26	1910	18.5
26	1915	21.5
26	1920	16
26	1925	14.5
26	1930	2
26	1935	0
26	1940	0
26	1945	0
26	1950	0
26	1955	0
26	2000	68.5
26	2005	0
26	2010	3.5
26	2015	32.5
26	2020	0
26	2025	0
26	2030	0
26	2035	0
26	2040	0
26	2045	0
26	2050	0
26	2055	30
26	2100	0
26	2105	5
26	2110	30
26	2115	52
26	2120	0
26	2125	0
26	2130	0
26	2135	0
26	2140	0
26	2145	0
26	2150	0
26	2155	0
26	2200	0
26	2205	0
26	2210	0
26	2215	0
26	2220	0
26	2225	0
26	2230	0
26	2235	0
26	2240	0
26	2245	0
26	2250	9
26	2255	31.5
26	2300	7.5
26	2305	0
26	2310	0
26	2315	0
26	2320	0
26	2325	0
26	2330	0
26	2335	0
26	2340	0
26	2345	0
26	2350	0
26	2355	0
27	0	0
27	5	0
27	10	0
27	15	0
27	20	0
27	25	0
27	30	0
27	35	0
27	40	0
27	45	0
27	50	0
27	55	0
27	100	0
27	105	0
27	110	0
27	115	0
27	120	0
27	125	0
27	130	0
27	135	0
27	140	0
27	145	0
27	150	0
27	155	0
27	200	0
27	205	0
27	210	0
27	215	0
27	220	0
27	225	0
27	230	0
27	235	0
27	240	0
27	245	0
27	250	0
27	255	0
27	300	0
27	305	0
27	310	0
27	315	0
27	320	5.5
27	325	0
27	330	0
27	335	0
27	340	0
27	345	0
27	350	0
27	355	0
27	400	0
27	405	0
27	410	0
27	415	0
27	420	0
27	425	0
27	430	0
27	435	0
27	440	0
27	445	0
27	450	0
27	455	8
27	500	0
27	505	0
27	510	0
27	515	0
27	520	3
27	525	0
27	530	31.5
27	535	98.5
27	540	371
27	545	378.5
27	550	397
27	555	388.5
27	600	379
27	605	383.5
27	610	385
27	615	403
27	620	119
27	625	20
27	630	13
27	635	21
27	640	23.5
27	645	0
27	650	0
27	655	12.5
27	700	0
27	705	29.5
27	710	8.5
27	715	54.5
27	720	8.5
27	725	14
27	730	33
27	735	94.5
27	740	0
27	745	31
27	750	51.5
27	755	12
27	800	54
27	805	86.5
27	810	28.5
27	815	31
27	820	20
27	825	66
27	830	252.5
27	835	272
27	840	172.5
27	845	223
27	850	191
27	855	263.5
27	900	259.5
27	905	477.5
27	910	335
27	915	288
27	920	186
27	925	16
27	930	17.5
27	935	5
27	940	24.5
27	945	9.5
27	950	1
27	955	0
27	1000	103.5
27	1005	15.5
27	1010	86
27	1015	37
27	1020	5.5
27	1025	0
27	1030	0
27	1035	0
27	1040	78.5
27	1045	242.5
27	1050	35.5
27	1055	6
27	1100	0
27	1105	0
27	1110	0
27	1115	0
27	1120	19.5
27	1125	0
27	1130	0
27	1135	0
27	1140	0
27	1145	208.5
27	1150	64.5
27	1155	58.5
27	1200	20
27	1205	21
27	1210	3
27	1215	11
27	1220	39
27	1225	20.5
27	1230	27
27	1235	19
27	1240	0
27	1245	0
27	1250	37
27	1255	157
27	1300	49
27	1305	53.5
27	1310	0
27	1315	90
27	1320	57
27	1325	8
27	1330	0
27	1335	0
27	1340	0
27	1345	36
27	1350	77.5
27	1355	67.5
27	1400	68
27	1405	60
27	1410	38
27	1415	209.5
27	1420	174
27	1425	138
27	1430	407
27	1435	83
27	1440	0
27	1445	0
27	1450	0
27	1455	54
27	1500	0
27	1505	0
27	1510	33
27	1515	0
27	1520	0
27	1525	0
27	1530	0
27	1535	0
27	1540	0
27	1545	0
27	1550	0
27	1555	0
27	1600	0
27	1605	0
27	1610	0
27	1615	0
27	1620	0
27	1625	0
27	1630	0
27	1635	0
27	1640	25
27	1645	28.5
27	1650	0
27	1655	0
27	1700	12
27	1705	238
27	1710	76.5
27	1715	0
27	1720	4
27	1725	0
27	1730	3.5
27	1735	23
27	1740	82.5
27	1745	30
27	1750	0
27	1755	55.5
27	1800	91.5
27	1805	114.5
27	1810	51
27	1815	92
27	1820	11
27	1825	0
27	1830	67.5
27	1835	45.5
27	1840	64
27	1845	36
27	1850	64.5
27	1855	14.5
27	1900	35.5
27	1905	63
27	1910	48.5
27	1915	33
27	1920	0
27	1925	15.5
27	1930	0
27	1935	27
27	1940	8
27	1945	0
27	1950	0
27	1955	24
27	2000	0
27	2005	0
27	2010	5
27	2015	15
27	2020	0
27	2025	0
27	2030	0
27	2035	15
27	2040	21
27	2045	0
27	2050	0
27	2055	0
27	2100	0
27	2105	0
27	2110	0
27	2115	0
27	2120	0
27	2125	6.5
27	2130	21
27	2135	41
27	2140	54
27	2145	0
27	2150	114.5
27	2155	28
27	2200	0
27	2205	0
27	2210	0
27	2215	0
27	2220	0
27	2225	0
27	2230	0
27	2235	0
27	2240	0
27	2245	0
27	2250	0
27	2255	0
27	2300	0
27	2305	0
27	2310	0
27	2315	0
27	2320	0
27	2325	0
27	2330	0
27	2335	0
27	2340	0
27	2345	0
27	2350	0
27	2355	0
28	0	0
28	5	0
28	10	0
28	15	0
28	20	0
28	25	0
28	30	0
28	35	0
28	40	0
28	45	0
28	50	0
28	55	0
28	100	0
28	105	0
28	110	0
28	115	0
28	120	0
28	125	0
28	130	0
28	135	0
28	140	0
28	145	0
28	150	0
28	155	0
28	200	0
28	205	0
28	210	0
28	215	0
28	220	0
28	225	0
28	230	0
28	235	0
28	240	0
28	245	0
28	250	0
28	255	0
28	300	0
28	305	0
28	310	0
28	315	0
28	320	0
28	325	0
28	330	0
28	335	0
28	340	0
28	345	0
28	350	0
28	355	0
28	400	0
28	405	0
28	410	0
28	415	0
28	420	0
28	425	0
28	430	0
28	435	0
28	440	0
28	445	0
28	450	0
28	455	0
28	500	0
28	505	0
28	510	0
28	515	0
28	520	0
28	525	28
28	530	0
28	535	29.5
28	540	11.5
28	545	18.5
28	550	204
28	555	314
28	600	140
28	605	365.5
28	610	366.5
28	615	360.5
28	620	356.5
28	625	365.5
28	630	360.5
28	635	179
28	640	287
28	645	284.5
28	650	10
28	655	14
28	700	0
28	705	34.5
28	710	26.5
28	715	30
28	720	8.5
28	725	29.5
28	730	22.5
28	735	61.5
28	740	0
28	745	0
28	750	4.5
28	755	71.5
28	800	173
28	805	137
28	810	236
28	815	266.5
28	820	190
28	825	78
28	830	237.5
28	835	244.5
28	840	203
28	845	256.5
28	850	261
28	855	46
28	900	11.5
28	905	33.5
28	910	74
28	915	0
28	920	0
28	925	0
28	930	0
28	935	0
28	940	0
28	945	0
28	950	23
28	955	0
28	1000	0
28	1005	0
28	1010	0
28	1015	0
28	1020	0
28	1025	0
28	1030	0
28	1035	0
28	1040	0
28	1045	0
28	1050	0
28	1055	0
28	1100	0
28	1105	2.5
28	1110	50
28	1115	74.5
28	1120	0
28	1125	0
28	1130	0
28	1135	43
28	1140	24
28	1145	44.5
28	1150	39.5
28	1155	25.5
28	1200	28.5
28	1205	48
28	1210	10
28	1215	72
28	1220	64
28	1225	11
28	1230	0
28	1235	30
28	1240	0
28	1245	26
28	1250	16
28	1255	29
28	1300	28
28	1305	32.5
28	1310	27.5
28	1315	24
28	1320	25
28	1325	68.5
28	1330	0
28	1335	0
28	1340	102
28	1345	144.5
28	1350	57.5
28	1355	87
28	1400	0
28	1405	104
28	1410	50
28	1415	74
28	1420	0
28	1425	23
28	1430	11.5
28	1435	77
28	1440	27.5
28	1445	0
28	1450	11
28	1455	0
28	1500	0
28	1505	0
28	1510	0
28	1515	0
28	1520	0
28	1525	0
28	1530	0
28	1535	0
28	1540	0
28	1545	0
28	1550	0
28	1555	0
28	1600	0
28	1605	0
28	1610	0
28	1615	0
28	1620	0
28	1625	0
28	1630	0
28	1635	0
28	1640	0
28	1645	0
28	1650	0
28	1655	0
28	1700	0
28	1705	31
28	1710	16.5
28	1715	48
28	1720	76.5
28	1725	171.5
28	1730	250.5
28	1735	84.5
28	1740	92.5
28	1745	70
28	1750	0
28	1755	0
28	1800	34.5
28	1805	23.5
28	1810	26.5
28	1815	196.5
28	1820	218.5
28	1825	127.5
28	1830	30
28	1835	2.5
28	1840	31
28	1845	38
28	1850	4
28	1855	57
28	1900	34
28	1905	18.5
28	1910	17.5
28	1915	67.5
28	1920	100.5
28	1925	0
28	1930	16
28	1935	85.5
28	1940	5
28	1945	8.5
28	1950	10.5
28	1955	15.5
28	2000	33.5
28	2005	19
28	2010	11
28	2015	15
28	2020	58
28	2025	12.5
28	2030	39.5
28	2035	22
28	2040	69
28	2045	40.5
28	2050	60.5
28	2055	0
28	2100	0
28	2105	2.5
28	2110	1
28	2115	86
28	2120	8
28	2125	9
28	2130	74
28	2135	50.5
28	2140	0
28	2145	28.5
28	2150	0
28	2155	0
28	2200	0
28	2205	0
28	2210	0
28	2215	0
28	2220	0
28	2225	0
28	2230	0
28	2235	0
28	2240	8.5
28	2245	0
28	2250	4.5
28	2255	90.5
28	2300	0
28	2305	0
28	2310	0
28	2315	0
28	2320	0
28	2325	0
28	2330	0
28	2335	0
28	2340	0
28	2345	0
28	2350	0
28	2355	0
29	0	0
29	5	0
29	10	0
29	15	0
29	20	0
29	25	0
29	30	0
29	35	0
29	40	0
29	45	0
29	50	0
29	55	0
29	100	0
29	105	0
29	110	0
29	115	0
29	120	0
29	125	0
29	130	0
29	135	0
29	140	0
29	145	0
29	150	0
29	155	0
29	200	0
29	205	0
29	210	0
29	215	0
29	220	0
29	225	0
29	230	0
29	235	0
29	240	0
29	245	0
29	250	0
29	255	0
29	300	0
29	305	0
29	310	0
29	315	0
29	320	0
29	325	0
29	330	0
29	335	0
29	340	0
29	345	0
29	350	0
29	355	0
29	400	0
29	405	0
29	410	0
29	415	0
29	420	0
29	425	0
29	430	0
29	435	0
29	440	0
29	445	0
29	450	0
29	455	0
29	500	0
29	505	0
29	510	0
29	515	0
29	520	0
29	525	0
29	530	0
29	535	0
29	540	0
29	545	0
29	550	0
29	555	0
29	600	0
29	605	0
29	610	0
29	615	0
29	620	0
29	625	0
29	630	0
29	635	0
29	640	0
29	645	0
29	650	0
29	655	0
29	700	0
29	705	6.5
29	710	7
29	715	25.5
29	720	0
29	725	0
29	730	38
29	735	83.5
29	740	212.5
29	745	202.5
29	750	17.5
29	755	43.5
29	800	22
29	805	17
29	810	63.5
29	815	131.5
29	820	72.5
29	825	0
29	830	27.5
29	835	28
29	840	32
29	845	58.5
29	850	0
29	855	0
29	900	2
29	905	0
29	910	32
29	915	36.5
29	920	195.5
29	925	284
29	930	244
29	935	34
29	940	44.5
29	945	13
29	950	0
29	955	64.5
29	1000	52
29	1005	0
29	1010	0
29	1015	0
29	1020	0
29	1025	0
29	1030	0
29	1035	0
29	1040	0
29	1045	0
29	1050	0
29	1055	19
29	1100	0
29	1105	0
29	1110	3.5
29	1115	0
29	1120	0
29	1125	21.5
29	1130	0
29	1135	0
29	1140	19.5
29	1145	6.5
29	1150	10
29	1155	0
29	1200	0
29	1205	0
29	1210	0
29	1215	29.5
29	1220	0
29	1225	0
29	1230	0
29	1235	14
29	1240	10.5
29	1245	6.5
29	1250	0
29	1255	0
29	1300	0
29	1305	0
29	1310	0
29	1315	0
29	1320	12.5
29	1325	0
29	1330	0
29	1335	0
29	1340	0
29	1345	0
29	1350	0
29	1355	0
29	1400	52
29	1405	58
29	1410	0
29	1415	0
29	1420	0
29	1425	0
29	1430	12.5
29	1435	10
29	1440	26
29	1445	11.5
29	1450	0
29	1455	0
29	1500	0
29	1505	0
29	1510	0
29	1515	0
29	1520	0
29	1525	0
29	1530	0
29	1535	28
29	1540	174.5
29	1545	155
29	1550	231.5
29	1555	53
29	1600	26.5
29	1605	11
29	1610	18
29	1615	9
29	1620	0
29	1625	29.5
29	1630	0
29	1635	16.5
29	1640	0
29	1645	0
29	1650	0
29	1655	0
29	1700	0
29	1705	0
29	1710	0
29	1715	3.5
29	1720	24.5
29	1725	26.5
29	1730	21.5
29	1735	67
29	1740	6.5
29	1745	39.5
29	1750	64
29	1755	80
29	1800	68
29	1805	83.5
29	1810	173
29	1815	90
29	1820	37.5
29	1825	87
29	1830	30
29	1835	29.5
29	1840	41
29	1845	18.5
29	1850	0
29	1855	0
29	1900	132
29	1905	214.5
29	1910	127
29	1915	276.5
29	1920	124.5
29	1925	9.5
29	1930	33
29	1935	19
29	1940	61.5
29	1945	20
29	1950	12
29	1955	0
29	2000	17.5
29	2005	0
29	2010	0
29	2015	0
29	2020	8
29	2025	7.5
29	2030	0
29	2035	8
29	2040	38
29	2045	97
29	2050	295.5
29	2055	174.5
29	2100	22
29	2105	0
29	2110	32
29	2115	39
29	2120	53.5
29	2125	17
29	2130	0
29	2135	4.5
29	2140	9.5
29	2145	0
29	2150	0
29	2155	22
29	2200	0
29	2205	0
29	2210	0
29	2215	0
29	2220	0
29	2225	0
29	2230	0
29	2235	0
29	2240	0
29	2245	0
29	2250	0
29	2255	0
29	2300	0
29	2305	0
29	2310	0
29	2315	0
29	2320	0
29	2325	0
29	2330	0
29	2335	0
29	2340	0
29	2345	0
29	2350	0
29	2355	0
30	0	NA
30	5	NA
30	10	NA
30	15	NA
30	20	NA
30	25	NA
30	30	NA
30	35	NA
30	40	NA
30	45	NA
30	50	NA
30	55	NA
30	100	NA
30	105	NA
30	110	NA
30	115	NA
30	120	NA
30	125	NA
30	130	NA
30	135	NA
30	140	NA
30	145	NA
30	150	NA
30	155	NA
30	200	NA
30	205	NA
30	210	NA
30	215	NA
30	220	NA
30	225	NA
30	230	NA
30	235	NA
30	240	NA
30	245	NA
30	250	NA
30	255	NA
30	300	NA
30	305	NA
30	310	NA
30	315	NA
30	320	NA
30	325	NA
30	330	NA
30	335	NA
30	340	NA
30	345	NA
30	350	NA
30	355	NA
30	400	NA
30	405	NA
30	410	NA
30	415	NA
30	420	NA
30	425	NA
30	430	NA
30	435	NA
30	440	NA
30	445	NA
30	450	NA
30	455	NA
30	500	NA
30	505	NA
30	510	NA
30	515	NA
30	520	NA
30	525	NA
30	530	NA
30	535	NA
30	540	NA
30	545	NA
30	550	NA
30	555	NA
30	600	NA
30	605	NA
30	610	NA
30	615	NA
30	620	NA
30	625	NA
30	630	NA
30	635	NA
30	640	NA
30	645	NA
30	650	NA
30	655	NA
30	700	NA
30	705	NA
30	710	NA
30	715	NA
30	720	NA
30	725	NA
30	730	NA
30	735	NA
30	740	NA
30	745	NA
30	750	NA
30	755	NA
30	800	NA
30	805	NA
30	810	NA
30	815	NA
30	820	NA
30	825	NA
30	830	NA
30	835	NA
30	840	NA
30	845	NA
30	850	NA
30	855	NA
30	900	NA
30	905	NA
30	910	NA
30	915	NA
30	920	NA
30	925	NA
30	930	NA
30	935	NA
30	940	NA
30	945	NA
30	950	NA
30	955	NA
30	1000	NA
30	1005	NA
30	1010	NA
30	1015	NA
30	1020	NA
30	1025	NA
30	1030	NA
30	1035	NA
30	1040	NA
30	1045	NA
30	1050	NA
30	1055	NA
30	1100	NA
30	1105	NA
30	1110	NA
30	1115	NA
30	1120	NA
30	1125	NA
30	1130	NA
30	1135	NA
30	1140	NA
30	1145	NA
30	1150	NA
30	1155	NA
30	1200	NA
30	1205	NA
30	1210	NA
30	1215	NA
30	1220	NA
30	1225	NA
30	1230	NA
30	1235	NA
30	1240	NA
30	1245	NA
30	1250	NA
30	1255	NA
30	1300	NA
30	1305	NA
30	1310	NA
30	1315	NA
30	1320	NA
30	1325	NA
30	1330	NA
30	1335	NA
30	1340	NA
30	1345	NA
30	1350	NA
30	1355	NA
30	1400	NA
30	1405	NA
30	1410	NA
30	1415	NA
30	1420	NA
30	1425	NA
30	1430	NA
30	1435	NA
30	1440	NA
30	1445	NA
30	1450	NA
30	1455	NA
30	1500	NA
30	1505	NA
30	1510	NA
30	1515	NA
30	1520	NA
30	1525	NA
30	1530	NA
30	1535	NA
30	1540	NA
30	1545	NA
30	1550	NA
30	1555	NA
30	1600	NA
30	1605	NA
30	1610	NA
30	1615	NA
30	1620	NA
30	1625	NA
30	1630	NA
30	1635	NA
30	1640	NA
30	1645	NA
30	1650	NA
30	1655	NA
30	1700	NA
30	1705	NA
30	1710	NA
30	1715	NA
30	1720	NA
30	1725	NA
30	1730	NA
30	1735	NA
30	1740	NA
30	1745	NA
30	1750	NA
30	1755	NA
30	1800	NA
30	1805	NA
30	1810	NA
30	1815	NA
30	1820	NA
30	1825	NA
30	1830	NA
30	1835	NA
30	1840	NA
30	1845	NA
30	1850	NA
30	1855	NA
30	1900	NA
30	1905	NA
30	1910	NA
30	1915	NA
30	1920	NA
30	1925	NA
30	1930	NA
30	1935	NA
30	1940	NA
30	1945	NA
30	1950	NA
30	1955	NA
30	2000	NA
30	2005	NA
30	2010	NA
30	2015	NA
30	2020	NA
30	2025	NA
30	2030	NA
30	2035	NA
30	2040	NA
30	2045	NA
30	2050	NA
30	2055	NA
30	2100	NA
30	2105	NA
30	2110	NA
30	2115	NA
30	2120	NA
30	2125	NA
30	2130	NA
30	2135	NA
30	2140	NA
30	2145	NA
30	2150	NA
30	2155	NA
30	2200	NA
30	2205	NA
30	2210	NA
30	2215	NA
30	2220	NA
30	2225	NA
30	2230	NA
30	2235	NA
30	2240	NA
30	2245	NA
30	2250	NA
30	2255	NA
30	2300	NA
30	2305	NA
30	2310	NA
30	2315	NA
30	2320	NA
30	2325	NA
30	2330	NA
30	2335	NA
30	2340	NA
30	2345	NA
30	2350	NA
30	2355	NA
31	0	0
31	5	0
31	10	0
31	15	0
31	20	0
31	25	0
31	30	0
31	35	0
31	40	0
31	45	0
31	50	0
31	55	0
31	100	0
31	105	0
31	110	0
31	115	0
31	120	0
31	125	0
31	130	0
31	135	0
31	140	0
31	145	0
31	150	0
31	155	0
31	200	0
31	205	0
31	210	0
31	215	0
31	220	0
31	225	0
31	230	0
31	235	0
31	240	0
31	245	0
31	250	0
31	255	0
31	300	0
31	305	0
31	310	0
31	315	0
31	320	0
31	325	0
31	330	0
31	335	0
31	340	0
31	345	0
31	350	0
31	355	0
31	400	0
31	405	0
31	410	0
31	415	0
31	420	0
31	425	0
31	430	0
31	435	0
31	440	0
31	445	0
31	450	0
31	455	0
31	500	0
31	505	0
31	510	0
31	515	0
31	520	0
31	525	0
31	530	0
31	535	0
31	540	0
31	545	0
31	550	0
31	555	0
31	600	0
31	605	0
31	610	0
31	615	0
31	620	0
31	625	0
31	630	22
31	635	63
31	640	36
31	645	65
31	650	84
31	655	436
31	700	594
31	705	443
31	710	749
31	715	717
31	720	751
31	725	747
31	730	757
31	735	714
31	740	301
31	745	584
31	750	358
31	755	0
31	800	32
31	805	0
31	810	0
31	815	0
31	820	15
31	825	85
31	830	146
31	835	0
31	840	0
31	845	0
31	850	18
31	855	18
31	900	0
31	905	23
31	910	0
31	915	143
31	920	463
31	925	0
31	930	103
31	935	0
31	940	0
31	945	0
31	950	123
31	955	260
31	1000	122
31	1005	0
31	1010	0
31	1015	0
31	1020	0
31	1025	0
31	1030	206
31	1035	128
31	1040	67
31	1045	8
31	1050	0
31	1055	15
31	1100	20
31	1105	0
31	1110	0
31	1115	0
31	1120	0
31	1125	0
31	1130	0
31	1135	0
31	1140	0
31	1145	0
31	1150	0
31	1155	0
31	1200	0
31	1205	0
31	1210	0
31	1215	0
31	1220	286
31	1225	136
31	1230	170
31	1235	0
31	1240	0
31	1245	0
31	1250	0
31	1255	157
31	1300	0
31	1305	0
31	1310	7
31	1315	0
31	1320	0
31	1325	0
31	1330	0
31	1335	0
31	1340	65
31	1345	0
31	1350	0
31	1355	0
31	1400	55
31	1405	0
31	1410	0
31	1415	0
31	1420	82
31	1425	112
31	1430	83
31	1435	17
31	1440	0
31	1445	0
31	1450	0
31	1455	0
31	1500	0
31	1505	0
31	1510	0
31	1515	0
31	1520	0
31	1525	0
31	1530	0
31	1535	6
31	1540	18
31	1545	0
31	1550	0
31	1555	0
31	1600	0
31	1605	148
31	1610	492
31	1615	191
31	1620	0
31	1625	0
31	1630	59
31	1635	17
31	1640	27
31	1645	0
31	1650	0
31	1655	0
31	1700	48
31	1705	58
31	1710	89
31	1715	24
31	1720	180
31	1725	414
31	1730	148
31	1735	306
31	1740	111
31	1745	314
31	1750	63
31	1755	68
31	1800	53
31	1805	63
31	1810	12
31	1815	0
31	1820	29
31	1825	171
31	1830	11
31	1835	77
31	1840	36
31	1845	42
31	1850	64
31	1855	0
31	1900	82
31	1905	48
31	1910	457
31	1915	503
31	1920	140
31	1925	40
31	1930	51
31	1935	0
31	1940	0
31	1945	0
31	1950	0
31	1955	0
31	2000	0
31	2005	0
31	2010	0
31	2015	0
31	2020	0
31	2025	0
31	2030	0
31	2035	0
31	2040	0
31	2045	0
31	2050	0
31	2055	0
31	2100	0
31	2105	0
31	2110	0
31	2115	0
31	2120	0
31	2125	0
31	2130	0
31	2135	0
31	2140	0
31	2145	0
31	2150	0
31	2155	0
31	2200	0
31	2205	0
31	2210	0
31	2215	90
31	2220	78
31	2225	0
31	2230	0
31	2235	0
31	2240	0
31	2245	0
31	2250	0
31	2255	0
31	2300	0
31	2305	0
31	2310	0
31	2315	0
31	2320	0
31	2325	0
31	2330	0
31	2335	0
31	2340	0
31	2345	0
31	2350	0
31	2355	0
